      -1.48572432      27.36672248
      -1.44579431      24.01701323
      -1.40586430      17.77606636
      -1.36593429      12.88499027
      -1.32600428       9.82933172
      -1.28607427       8.03611410
      -1.24614426       7.02710500
      -1.20621425       6.52140350
      -1.16628424       6.36910744
      -1.12635423       6.49859470
      -1.08642422       6.88891576
      -1.04649421       7.55928473
      -1.00656420       8.57090805
      -0.96663419      10.04129239
      -0.92670418      12.17658159
      -0.88677417      15.33523725
      -0.84684416      20.14704839
      -0.80691415      27.70757539
      -0.76698414      39.71123468
      -0.72705414      57.39112183
      -0.68712413      75.64829024
      -0.64719412      78.23624734
      -0.60726411      62.35449903
      -0.56733410      44.46519639
      -0.52740409      32.14145389
      -0.48747408      24.78597645
      -0.44754407      20.71176403
      -0.40761406      18.83779294
      -0.36768405      18.68192321
      -0.32775404      20.22688705
      -0.28782403      23.89266916
      -0.24789402      30.47128326
      -0.20796401      40.13824998
      -0.16803400      48.74464502
      -0.12810399      48.32172881
      -0.08817398      41.40870248
      -0.04824397      36.40179184
      -0.00831396      36.27854874
       0.03161605      41.69210502
       0.07154606      53.61015160
       0.11147607      71.30923121
       0.15140608      84.38888737
       0.19133609      77.53025595
       0.23126610      58.61707028
       0.27119611      42.54095038
       0.31112612      32.42681948
       0.35105613      26.79653934
       0.39098614      24.22907352
       0.43091614      24.03357829
       0.47084615      26.16590941
       0.51077616      31.21774523
       0.55070617      40.50871376
       0.59063618      55.63517335
       0.63056619      74.61918366
       0.67049620      83.96747095
       0.71042621      72.70237698
       0.75035622      54.29775683
       0.79028623      40.83091600
       0.83021624      33.63384601
       0.87014625      31.48992518
       0.91007626      33.54907227
       0.95000627      38.03444962
       0.98993628      39.66383097
       1.02986629      35.73033997
       1.06979630      31.52989063
       1.10972631      30.71782976
       1.14965632      32.24624089
       1.18958633      31.55858375
       1.22951634      27.13771211
       1.26944635      22.93144209
       1.30937636      21.19687034
       1.34930637      22.30174299
       1.38923638      26.60035868
       1.42916639      34.27641755
       1.46909640      42.19356685
       1.50902641      41.99962071
       1.54895642      33.12907258
       1.58888642      23.81315635
       1.62881643      17.39582708
       1.66874644      13.44712383
       1.70867645      11.11684952
       1.74860646       9.87082123
       1.78853647       9.46964407
       1.82846648       9.90265281
       1.86839649      11.37487584
       1.90832650      14.26186055
       1.94825651      18.54692473
       1.98818652      21.88937621
       2.02811653      20.32976901
       2.06804654      15.43470220
       2.10797655      11.06162772
       2.14790656       8.13593822
       2.18783657       6.28792013
       2.22776658       5.11441448
       2.26769659       4.36882451
       2.30762660       3.92279708
       2.34755661       3.72643842
       2.38748662       3.78889979
       2.42741663       4.15053502
       2.46734664       4.73063194
