       1.00000000       0.18200757
       2.00000000       0.50063499
       3.00000000       0.60642090
       4.00000000       0.50000000
       5.00000000       0.43665534
       6.00000000       0.50063500
       7.00000000       0.54579058
       8.00000000       0.49999998
       9.00000000       0.46494941
      10.00000000       0.50063501
      11.00000000       0.52925515
      12.00000000       0.49999996
      13.00000000       0.47583165
      14.00000000       0.50063504
      15.00000000       0.52153869
      16.00000000       0.49999993
      17.00000000       0.48159277
      18.00000000       0.50063507
      19.00000000       0.51707133
      20.00000000       0.49999990
      21.00000000       0.48515913
      22.00000000       0.50063511
      23.00000000       0.51415788
      24.00000000       0.49999985
      25.00000000       0.48758420
      26.00000000       0.50063516
      27.00000000       0.51210771
      28.00000000       0.49999980
      29.00000000       0.48934025
      30.00000000       0.50063522
      31.00000000       0.51058666
      32.00000000       0.49999974
      33.00000000       0.49067056
      34.00000000       0.50063528
      35.00000000       0.50941331
      36.00000000       0.49999967
      37.00000000       0.49171320
      38.00000000       0.50063536
      39.00000000       0.50848068
      40.00000000       0.49999959
      41.00000000       0.49255237
      42.00000000       0.50063544
      43.00000000       0.50772159
      44.00000000       0.49999950
      45.00000000       0.49324233
      46.00000000       0.50063553
      47.00000000       0.50709173
      48.00000000       0.49999941
      49.00000000       0.49381962
      50.00000000       0.50063563
      51.00000000       0.50656069
      52.00000000       0.49999930
      53.00000000       0.49430975
      54.00000000       0.50063574
      55.00000000       0.50610691
      56.00000000       0.49999919
      57.00000000       0.49473107
      58.00000000       0.50063585
      59.00000000       0.50571469
      60.00000000       0.49999907
      61.00000000       0.49509711
      62.00000000       0.50063598
      63.00000000       0.50537229
      64.00000000       0.49999894
      65.00000000       0.49541809
      66.00000000       0.50063611
      67.00000000       0.50507079
      68.00000000       0.49999881
      69.00000000       0.49570184
      70.00000000       0.50063625
      71.00000000       0.50480327
      72.00000000       0.49999866
      73.00000000       0.49595447
      74.00000000       0.50063640
      75.00000000       0.50456431
      76.00000000       0.49999851
      77.00000000       0.49618084
      78.00000000       0.50063656
      79.00000000       0.50434956
      80.00000000       0.49999835
      81.00000000       0.49638484
      82.00000000       0.50063673
      83.00000000       0.50415552
      84.00000000       0.49999817
      85.00000000       0.49656963
      86.00000000       0.50063690
      87.00000000       0.50397934
      88.00000000       0.49999800
      89.00000000       0.49673779
      90.00000000       0.50063708
      91.00000000       0.50381866
      92.00000000       0.49999781
      93.00000000       0.49689148
      94.00000000       0.50063728
      95.00000000       0.50367153
      96.00000000       0.49999761
      97.00000000       0.49703247
      98.00000000       0.50063748
      99.00000000       0.50353629
     100.00000000       0.49999741
     101.00000000       0.49716229
     102.00000000       0.50063769
     103.00000000       0.50341157
     104.00000000       0.49999719
     105.00000000       0.49728221
     106.00000000       0.50063790
     107.00000000       0.50329618
     108.00000000       0.49999697
     109.00000000       0.49739332
     110.00000000       0.50063813
     111.00000000       0.50318913
     112.00000000       0.49999674
     113.00000000       0.49749654
     114.00000000       0.50063837
     115.00000000       0.50308952
     116.00000000       0.49999650
     117.00000000       0.49759271
     118.00000000       0.50063861
     119.00000000       0.50299663
     120.00000000       0.49999625
     121.00000000       0.49768250
     122.00000000       0.50063887
     123.00000000       0.50290978
     124.00000000       0.49999599
     125.00000000       0.49776654
     126.00000000       0.50063913
     127.00000000       0.50282842
     128.00000000       0.49999572
     129.00000000       0.49784535
     130.00000000       0.50063940
     131.00000000       0.50275203
     132.00000000       0.49999545
     133.00000000       0.49791942
     134.00000000       0.50063968
     135.00000000       0.50268018
     136.00000000       0.49999516
     137.00000000       0.49798916
     138.00000000       0.50063997
     139.00000000       0.50261247
     140.00000000       0.49999487
     141.00000000       0.49805492
     142.00000000       0.50064027
     143.00000000       0.50254856
     144.00000000       0.49999457
     145.00000000       0.49811706
     146.00000000       0.50064058
     147.00000000       0.50248813
     148.00000000       0.49999425
     149.00000000       0.49817585
     150.00000000       0.50064089
     151.00000000       0.50243092
     152.00000000       0.49999393
     153.00000000       0.49823155
     154.00000000       0.50064122
     155.00000000       0.50237666
     156.00000000       0.49999360
     157.00000000       0.49828442
     158.00000000       0.50064156
     159.00000000       0.50232514
     160.00000000       0.49999326
     161.00000000       0.49833464
     162.00000000       0.50064190
     163.00000000       0.50227616
     164.00000000       0.49999291
     165.00000000       0.49838243
     166.00000000       0.50064226
     167.00000000       0.50222953
     168.00000000       0.49999255
     169.00000000       0.49842795
     170.00000000       0.50064262
     171.00000000       0.50218508
     172.00000000       0.49999218
     173.00000000       0.49847135
     174.00000000       0.50064299
     175.00000000       0.50214268
     176.00000000       0.49999180
     177.00000000       0.49851279
     178.00000000       0.50064338
     179.00000000       0.50210218
     180.00000000       0.49999141
     181.00000000       0.49855239
     182.00000000       0.50064377
     183.00000000       0.50206345
     184.00000000       0.49999101
     185.00000000       0.49859027
     186.00000000       0.50064417
     187.00000000       0.50202639
     188.00000000       0.49999061
     189.00000000       0.49862654
     190.00000000       0.50064459
     191.00000000       0.50199088
     192.00000000       0.49999019
     193.00000000       0.49866130
     194.00000000       0.50064501
     195.00000000       0.50195684
     196.00000000       0.49998976
     197.00000000       0.49869464
     198.00000000       0.50064545
     199.00000000       0.50192418
     200.00000000       0.49998932
     201.00000000       0.49872666
     202.00000000       0.50064589
     203.00000000       0.50189280
     204.00000000       0.49998887
     205.00000000       0.49875741
     206.00000000       0.50064634
     207.00000000       0.50186264
     208.00000000       0.49998841
     209.00000000       0.49878699
     210.00000000       0.50064681
     211.00000000       0.50183364
     212.00000000       0.49998794
     213.00000000       0.49881544
     214.00000000       0.50064728
     215.00000000       0.50180571
     216.00000000       0.49998746
     217.00000000       0.49884285
     218.00000000       0.50064777
     219.00000000       0.50177882
     220.00000000       0.49998697
     221.00000000       0.49886925
     222.00000000       0.50064826
     223.00000000       0.50175289
     224.00000000       0.49998647
     225.00000000       0.49889471
     226.00000000       0.50064877
     227.00000000       0.50172788
     228.00000000       0.49998596
     229.00000000       0.49891928
     230.00000000       0.50064929
     231.00000000       0.50170374
     232.00000000       0.49998543
     233.00000000       0.49894300
     234.00000000       0.50064982
     235.00000000       0.50168043
     236.00000000       0.49998490
     237.00000000       0.49896591
     238.00000000       0.50065036
     239.00000000       0.50165791
     240.00000000       0.49998435
     241.00000000       0.49898806
     242.00000000       0.50065091
     243.00000000       0.50163613
     244.00000000       0.49998380
     245.00000000       0.49900948
     246.00000000       0.50065147
     247.00000000       0.50161506
     248.00000000       0.49998323
     249.00000000       0.49903021
     250.00000000       0.50065205
     251.00000000       0.50159467
     252.00000000       0.49998265
     253.00000000       0.49905027
     254.00000000       0.50065263
     255.00000000       0.50157492
     256.00000000       0.49998206
     257.00000000       0.49906971
     258.00000000       0.50065323
     259.00000000       0.50155578
     260.00000000       0.49998145
     261.00000000       0.49908855
     262.00000000       0.50065384
     263.00000000       0.50153724
     264.00000000       0.49998084
     265.00000000       0.49910681
     266.00000000       0.50065446
     267.00000000       0.50151925
     268.00000000       0.49998021
     269.00000000       0.49912453
     270.00000000       0.50065509
     271.00000000       0.50150180
     272.00000000       0.49997957
     273.00000000       0.49914172
     274.00000000       0.50065574
     275.00000000       0.50148486
     276.00000000       0.49997892
     277.00000000       0.49915842
     278.00000000       0.50065640
     279.00000000       0.50146841
     280.00000000       0.49997825
     281.00000000       0.49917463
     282.00000000       0.50065707
     283.00000000       0.50145242
     284.00000000       0.49997758
     285.00000000       0.49919038
     286.00000000       0.50065775
     287.00000000       0.50143689
     288.00000000       0.49997689
     289.00000000       0.49920570
     290.00000000       0.50065845
     291.00000000       0.50142179
     292.00000000       0.49997618
     293.00000000       0.49922059
     294.00000000       0.50065916
     295.00000000       0.50140710
     296.00000000       0.49997547
     297.00000000       0.49923508
     298.00000000       0.50065988
     299.00000000       0.50139281
     300.00000000       0.49997474
     301.00000000       0.49924917
     302.00000000       0.50066062
     303.00000000       0.50137890
     304.00000000       0.49997400
     305.00000000       0.49926290
     306.00000000       0.50066137
     307.00000000       0.50136536
     308.00000000       0.49997324
     309.00000000       0.49927626
     310.00000000       0.50066213
     311.00000000       0.50135217
     312.00000000       0.49997247
     313.00000000       0.49928928
     314.00000000       0.50066291
     315.00000000       0.50133932
     316.00000000       0.49997169
     317.00000000       0.49930197
     318.00000000       0.50066370
     319.00000000       0.50132679
     320.00000000       0.49997089
     321.00000000       0.49931434
     322.00000000       0.50066450
     323.00000000       0.50131458
     324.00000000       0.49997007
     325.00000000       0.49932640
     326.00000000       0.50066532
     327.00000000       0.50130267
     328.00000000       0.49996925
     329.00000000       0.49933816
     330.00000000       0.50066616
     331.00000000       0.50129105
     332.00000000       0.49996841
     333.00000000       0.49934964
     334.00000000       0.50066701
     335.00000000       0.50127971
     336.00000000       0.49996755
     337.00000000       0.49936084
     338.00000000       0.50066787
     339.00000000       0.50126865
     340.00000000       0.49996668
     341.00000000       0.49937178
     342.00000000       0.50066875
     343.00000000       0.50125784
     344.00000000       0.49996579
     345.00000000       0.49938245
     346.00000000       0.50066965
     347.00000000       0.50124729
     348.00000000       0.49996488
     349.00000000       0.49939288
     350.00000000       0.50067056
     351.00000000       0.50123698
     352.00000000       0.49996396
     353.00000000       0.49940307
     354.00000000       0.50067149
     355.00000000       0.50122691
     356.00000000       0.49996303
     357.00000000       0.49941303
     358.00000000       0.50067243
     359.00000000       0.50121706
     360.00000000       0.49996208
     361.00000000       0.49942277
     362.00000000       0.50067339
     363.00000000       0.50120743
     364.00000000       0.49996111
     365.00000000       0.49943228
     366.00000000       0.50067437
     367.00000000       0.50119802
     368.00000000       0.49996012
     369.00000000       0.49944159
     370.00000000       0.50067536
     371.00000000       0.50118882
     372.00000000       0.49995912
     373.00000000       0.49945070
     374.00000000       0.50067637
     375.00000000       0.50117981
     376.00000000       0.49995810
     377.00000000       0.49945961
     378.00000000       0.50067740
     379.00000000       0.50117100
     380.00000000       0.49995706
     381.00000000       0.49946833
     382.00000000       0.50067845
     383.00000000       0.50116237
     384.00000000       0.49995600
     385.00000000       0.49947686
     386.00000000       0.50067952
     387.00000000       0.50115392
     388.00000000       0.49995493
     389.00000000       0.49948522
     390.00000000       0.50068060
     391.00000000       0.50114566
     392.00000000       0.49995384
     393.00000000       0.49949340
     394.00000000       0.50068170
     395.00000000       0.50113756
     396.00000000       0.49995273
     397.00000000       0.49950142
     398.00000000       0.50068282
     399.00000000       0.50112962
     400.00000000       0.49995159
     401.00000000       0.49950927
     402.00000000       0.50068397
     403.00000000       0.50112185
     404.00000000       0.49995044
     405.00000000       0.49951696
     406.00000000       0.50068513
     407.00000000       0.50111423
     408.00000000       0.49994927
     409.00000000       0.49952451
     410.00000000       0.50068631
     411.00000000       0.50110677
     412.00000000       0.49994808
     413.00000000       0.49953190
     414.00000000       0.50068751
     415.00000000       0.50109945
     416.00000000       0.49994687
     417.00000000       0.49953915
     418.00000000       0.50068873
     419.00000000       0.50109227
     420.00000000       0.49994564
     421.00000000       0.49954625
     422.00000000       0.50068998
     423.00000000       0.50108523
     424.00000000       0.49994438
     425.00000000       0.49955322
     426.00000000       0.50069124
     427.00000000       0.50107833
     428.00000000       0.49994310
     429.00000000       0.49956006
     430.00000000       0.50069253
     431.00000000       0.50107155
     432.00000000       0.49994181
     433.00000000       0.49956677
     434.00000000       0.50069384
     435.00000000       0.50106491
     436.00000000       0.49994048
     437.00000000       0.49957336
     438.00000000       0.50069517
     439.00000000       0.50105839
     440.00000000       0.49993914
     441.00000000       0.49957982
     442.00000000       0.50069653
     443.00000000       0.50105198
     444.00000000       0.49993777
     445.00000000       0.49958616
     446.00000000       0.50069791
     447.00000000       0.50104570
     448.00000000       0.49993638
     449.00000000       0.49959239
     450.00000000       0.50069931
     451.00000000       0.50103953
     452.00000000       0.49993496
     453.00000000       0.49959850
     454.00000000       0.50070074
     455.00000000       0.50103347
     456.00000000       0.49993352
     457.00000000       0.49960451
     458.00000000       0.50070220
     459.00000000       0.50102752
     460.00000000       0.49993205
     461.00000000       0.49961040
     462.00000000       0.50070368
     463.00000000       0.50102167
     464.00000000       0.49993056
     465.00000000       0.49961620
     466.00000000       0.50070518
     467.00000000       0.50101593
     468.00000000       0.49992904
     469.00000000       0.49962189
     470.00000000       0.50070671
     471.00000000       0.50101029
     472.00000000       0.49992750
     473.00000000       0.49962749
     474.00000000       0.50070827
     475.00000000       0.50100474
     476.00000000       0.49992592
     477.00000000       0.49963298
     478.00000000       0.50070986
     479.00000000       0.50099929
     480.00000000       0.49992432
     481.00000000       0.49963839
     482.00000000       0.50071148
     483.00000000       0.50099393
     484.00000000       0.49992269
     485.00000000       0.49964370
     486.00000000       0.50071313
     487.00000000       0.50098866
     488.00000000       0.49992103
     489.00000000       0.49964892
     490.00000000       0.50071480
     491.00000000       0.50098348
     492.00000000       0.49991934
     493.00000000       0.49965406
     494.00000000       0.50071651
     495.00000000       0.50097839
     496.00000000       0.49991761
     497.00000000       0.49965911
     498.00000000       0.50071824
     499.00000000       0.50097338
     500.00000000       0.49991586
     501.00000000       0.49966408
     502.00000000       0.50072001
     503.00000000       0.50096845
     504.00000000       0.49991408
     505.00000000       0.49966897
     506.00000000       0.50072182
     507.00000000       0.50096361
     508.00000000       0.49991226
     509.00000000       0.49967378
     510.00000000       0.50072365
     511.00000000       0.50095884
     512.00000000       0.49991041
     513.00000000       0.49967851
     514.00000000       0.50072552
     515.00000000       0.50095414
     516.00000000       0.49990852
     517.00000000       0.49968316
     518.00000000       0.50072742
     519.00000000       0.50094952
     520.00000000       0.49990660
     521.00000000       0.49968774
     522.00000000       0.50072936
     523.00000000       0.50094498
     524.00000000       0.49990464
     525.00000000       0.49969225
     526.00000000       0.50073134
     527.00000000       0.50094050
     528.00000000       0.49990265
     529.00000000       0.49969669
     530.00000000       0.50073335
     531.00000000       0.50093610
     532.00000000       0.49990062
     533.00000000       0.49970107
     534.00000000       0.50073540
     535.00000000       0.50093176
     536.00000000       0.49989855
     537.00000000       0.49970537
     538.00000000       0.50073749
     539.00000000       0.50092749
     540.00000000       0.49989644
     541.00000000       0.49970961
     542.00000000       0.50073962
     543.00000000       0.50092328
     544.00000000       0.49989428
     545.00000000       0.49971378
     546.00000000       0.50074179
     547.00000000       0.50091914
     548.00000000       0.49989209
     549.00000000       0.49971789
     550.00000000       0.50074401
     551.00000000       0.50091506
     552.00000000       0.49988986
     553.00000000       0.49972194
     554.00000000       0.50074626
     555.00000000       0.50091104
     556.00000000       0.49988758
     557.00000000       0.49972593
     558.00000000       0.50074857
     559.00000000       0.50090708
     560.00000000       0.49988525
     561.00000000       0.49972986
     562.00000000       0.50075091
     563.00000000       0.50090318
     564.00000000       0.49988288
     565.00000000       0.49973373
     566.00000000       0.50075331
     567.00000000       0.50089934
     568.00000000       0.49988047
     569.00000000       0.49973755
     570.00000000       0.50075575
     571.00000000       0.50089555
     572.00000000       0.49987800
     573.00000000       0.49974131
     574.00000000       0.50075824
     575.00000000       0.50089181
     576.00000000       0.49987548
     577.00000000       0.49974502
     578.00000000       0.50076078
     579.00000000       0.50088813
     580.00000000       0.49987292
     581.00000000       0.49974867
     582.00000000       0.50076337
     583.00000000       0.50088451
     584.00000000       0.49987030
     585.00000000       0.49975228
     586.00000000       0.50076602
     587.00000000       0.50088093
     588.00000000       0.49986762
     589.00000000       0.49975583
     590.00000000       0.50076872
     591.00000000       0.50087740
     592.00000000       0.49986489
     593.00000000       0.49975933
     594.00000000       0.50077148
     595.00000000       0.50087392
     596.00000000       0.49986211
     597.00000000       0.49976278
     598.00000000       0.50077430
     599.00000000       0.50087049
     600.00000000       0.49985926
     601.00000000       0.49976619
     602.00000000       0.50077717
     603.00000000       0.50086711
     604.00000000       0.49985635
     605.00000000       0.49976955
     606.00000000       0.50078011
     607.00000000       0.50086378
     608.00000000       0.49985338
     609.00000000       0.49977286
     610.00000000       0.50078311
     611.00000000       0.50086049
     612.00000000       0.49985035
     613.00000000       0.49977613
     614.00000000       0.50078618
     615.00000000       0.50085724
     616.00000000       0.49984725
     617.00000000       0.49977935
     618.00000000       0.50078931
     619.00000000       0.50085404
     620.00000000       0.49984408
     621.00000000       0.49978254
     622.00000000       0.50079251
     623.00000000       0.50085088
     624.00000000       0.49984084
     625.00000000       0.49978567
     626.00000000       0.50079579
     627.00000000       0.50084776
     628.00000000       0.49983753
     629.00000000       0.49978877
     630.00000000       0.50079914
     631.00000000       0.50084468
     632.00000000       0.49983415
     633.00000000       0.49979183
     634.00000000       0.50080256
     635.00000000       0.50084164
     636.00000000       0.49983068
     637.00000000       0.49979485
     638.00000000       0.50080606
     639.00000000       0.50083865
     640.00000000       0.49982714
     641.00000000       0.49979782
     642.00000000       0.50080965
     643.00000000       0.50083569
     644.00000000       0.49982352
     645.00000000       0.49980076
     646.00000000       0.50081331
     647.00000000       0.50083277
     648.00000000       0.49981981
     649.00000000       0.49980367
     650.00000000       0.50081707
     651.00000000       0.50082988
     652.00000000       0.49981601
     653.00000000       0.49980653
     654.00000000       0.50082091
     655.00000000       0.50082704
     656.00000000       0.49981212
     657.00000000       0.49980936
     658.00000000       0.50082485
     659.00000000       0.50082423
     660.00000000       0.49980813
     661.00000000       0.49981215
     662.00000000       0.50082888
     663.00000000       0.50082145
     664.00000000       0.49980405
     665.00000000       0.49981491
     666.00000000       0.50083301
     667.00000000       0.50081871
     668.00000000       0.49979987
     669.00000000       0.49981764
     670.00000000       0.50083725
     671.00000000       0.50081600
     672.00000000       0.49979558
     673.00000000       0.49982033
     674.00000000       0.50084159
     675.00000000       0.50081333
     676.00000000       0.49979119
     677.00000000       0.49982298
     678.00000000       0.50084604
     679.00000000       0.50081068
     680.00000000       0.49978668
     681.00000000       0.49982561
     682.00000000       0.50085060
     683.00000000       0.50080807
     684.00000000       0.49978206
     685.00000000       0.49982820
     686.00000000       0.50085528
     687.00000000       0.50080550
     688.00000000       0.49977731
     689.00000000       0.49983077
     690.00000000       0.50086009
     691.00000000       0.50080295
     692.00000000       0.49977245
     693.00000000       0.49983330
     694.00000000       0.50086502
     695.00000000       0.50080043
     696.00000000       0.49976745
     697.00000000       0.49983580
     698.00000000       0.50087009
     699.00000000       0.50079794
     700.00000000       0.49976231
     701.00000000       0.49983828
     702.00000000       0.50087530
     703.00000000       0.50079548
     704.00000000       0.49975703
     705.00000000       0.49984072
     706.00000000       0.50088065
     707.00000000       0.50079305
     708.00000000       0.49975161
     709.00000000       0.49984314
     710.00000000       0.50088614
     711.00000000       0.50079065
     712.00000000       0.49974604
     713.00000000       0.49984553
     714.00000000       0.50089180
     715.00000000       0.50078828
     716.00000000       0.49974030
     717.00000000       0.49984789
     718.00000000       0.50089761
     719.00000000       0.50078593
     720.00000000       0.49973440
     721.00000000       0.49985022
     722.00000000       0.50090360
     723.00000000       0.50078361
     724.00000000       0.49972833
     725.00000000       0.49985253
     726.00000000       0.50090976
     727.00000000       0.50078131
     728.00000000       0.49972208
     729.00000000       0.49985481
     730.00000000       0.50091610
     731.00000000       0.50077904
     732.00000000       0.49971564
     733.00000000       0.49985707
     734.00000000       0.50092264
     735.00000000       0.50077679
     736.00000000       0.49970900
     737.00000000       0.49985931
     738.00000000       0.50092938
     739.00000000       0.50077457
     740.00000000       0.49970216
     741.00000000       0.49986152
     742.00000000       0.50093633
     743.00000000       0.50077237
     744.00000000       0.49969510
     745.00000000       0.49986370
     746.00000000       0.50094349
     747.00000000       0.50077020
     748.00000000       0.49968782
     749.00000000       0.49986587
     750.00000000       0.50095089
     751.00000000       0.50076805
     752.00000000       0.49968031
     753.00000000       0.49986801
     754.00000000       0.50095853
     755.00000000       0.50076592
     756.00000000       0.49967254
     757.00000000       0.49987012
     758.00000000       0.50096642
     759.00000000       0.50076381
     760.00000000       0.49966452
     761.00000000       0.49987222
     762.00000000       0.50097458
     763.00000000       0.50076172
     764.00000000       0.49965622
     765.00000000       0.49987430
     766.00000000       0.50098302
     767.00000000       0.50075966
     768.00000000       0.49964764
     769.00000000       0.49987635
     770.00000000       0.50099175
     771.00000000       0.50075761
     772.00000000       0.49963875
     773.00000000       0.49987839
     774.00000000       0.50100079
     775.00000000       0.50075559
     776.00000000       0.49962955
     777.00000000       0.49988040
     778.00000000       0.50101016
     779.00000000       0.50075358
     780.00000000       0.49962001
     781.00000000       0.49988240
     782.00000000       0.50101987
     783.00000000       0.50075159
     784.00000000       0.49961013
     785.00000000       0.49988438
     786.00000000       0.50102994
     787.00000000       0.50074963
     788.00000000       0.49959986
     789.00000000       0.49988634
     790.00000000       0.50104040
     791.00000000       0.50074767
     792.00000000       0.49958921
     793.00000000       0.49988828
     794.00000000       0.50105126
     795.00000000       0.50074574
     796.00000000       0.49957814
     797.00000000       0.49989021
     798.00000000       0.50106255
     799.00000000       0.50074382
     800.00000000       0.49956662
     801.00000000       0.49989212
     802.00000000       0.50107429
     803.00000000       0.50074192
     804.00000000       0.49955464
     805.00000000       0.49989402
     806.00000000       0.50108652
     807.00000000       0.50074003
     808.00000000       0.49954216
     809.00000000       0.49989590
     810.00000000       0.50109926
     811.00000000       0.50073816
     812.00000000       0.49952916
     813.00000000       0.49989776
     814.00000000       0.50111254
     815.00000000       0.50073630
     816.00000000       0.49951559
     817.00000000       0.49989962
     818.00000000       0.50112641
     819.00000000       0.50073445
     820.00000000       0.49950142
     821.00000000       0.49990146
     822.00000000       0.50114089
     823.00000000       0.50073261
     824.00000000       0.49948661
     825.00000000       0.49990329
     826.00000000       0.50115604
     827.00000000       0.50073079
     828.00000000       0.49947111
     829.00000000       0.49990510
     830.00000000       0.50117190
     831.00000000       0.50072898
     832.00000000       0.49945488
     833.00000000       0.49990691
     834.00000000       0.50118851
     835.00000000       0.50072717
     836.00000000       0.49943787
     837.00000000       0.49990871
     838.00000000       0.50120594
     839.00000000       0.50072538
     840.00000000       0.49942000
     841.00000000       0.49991050
     842.00000000       0.50122425
     843.00000000       0.50072359
     844.00000000       0.49940124
     845.00000000       0.49991229
     846.00000000       0.50124350
     847.00000000       0.50072180
     848.00000000       0.49938148
     849.00000000       0.49991407
     850.00000000       0.50126377
     851.00000000       0.50072003
     852.00000000       0.49936068
     853.00000000       0.49991585
     854.00000000       0.50128514
     855.00000000       0.50071825
     856.00000000       0.49933872
     857.00000000       0.49991763
     858.00000000       0.50130771
     859.00000000       0.50071647
     860.00000000       0.49931552
     861.00000000       0.49991940
     862.00000000       0.50133157
     863.00000000       0.50071469
     864.00000000       0.49929096
     865.00000000       0.49992118
     866.00000000       0.50135684
     867.00000000       0.50071291
     868.00000000       0.49926494
     869.00000000       0.49992297
     870.00000000       0.50138366
     871.00000000       0.50071113
     872.00000000       0.49923730
     873.00000000       0.49992476
     874.00000000       0.50141216
     875.00000000       0.50070933
     876.00000000       0.49920789
     877.00000000       0.49992656
     878.00000000       0.50144252
     879.00000000       0.50070752
     880.00000000       0.49917654
     881.00000000       0.49992838
     882.00000000       0.50147491
     883.00000000       0.50070569
     884.00000000       0.49914305
     885.00000000       0.49993022
     886.00000000       0.50150955
     887.00000000       0.50070384
     888.00000000       0.49910720
     889.00000000       0.49993208
     890.00000000       0.50154668
     891.00000000       0.50070196
     892.00000000       0.49906872
     893.00000000       0.49993398
     894.00000000       0.50158659
     895.00000000       0.50070005
     896.00000000       0.49902731
     897.00000000       0.49993591
     898.00000000       0.50162959
     899.00000000       0.50069809
     900.00000000       0.49898262
     901.00000000       0.49993789
     902.00000000       0.50167606
     903.00000000       0.50069609
     904.00000000       0.49893426
     905.00000000       0.49993993
     906.00000000       0.50172643
     907.00000000       0.50069402
     908.00000000       0.49888174
     909.00000000       0.49994203
     910.00000000       0.50178123
     911.00000000       0.50069187
     912.00000000       0.49882452
     913.00000000       0.49994423
     914.00000000       0.50184106
     915.00000000       0.50068963
     916.00000000       0.49876191
     917.00000000       0.49994653
     918.00000000       0.50190664
     919.00000000       0.50068726
     920.00000000       0.49869313
     921.00000000       0.49994896
     922.00000000       0.50197886
     923.00000000       0.50068476
     924.00000000       0.49861721
     925.00000000       0.49995155
     926.00000000       0.50205877
     927.00000000       0.50068207
     928.00000000       0.49853298
     929.00000000       0.49995434
     930.00000000       0.50214767
     931.00000000       0.50067916
     932.00000000       0.49843901
     933.00000000       0.49995739
     934.00000000       0.50224717
     935.00000000       0.50067596
     936.00000000       0.49833348
     937.00000000       0.49996076
     938.00000000       0.50235928
     939.00000000       0.50067239
     940.00000000       0.49821414
     941.00000000       0.49996455
     942.00000000       0.50248658
     943.00000000       0.50066836
     944.00000000       0.49807807
     945.00000000       0.49996887
     946.00000000       0.50263236
     947.00000000       0.50066369
     948.00000000       0.49792150
     949.00000000       0.49997392
     950.00000000       0.50280097
     951.00000000       0.50065820
     952.00000000       0.49773940
     953.00000000       0.49997994
     954.00000000       0.50299824
     955.00000000       0.50065157
     956.00000000       0.49752498
     957.00000000       0.49998730
     958.00000000       0.50323215
     959.00000000       0.50064333
     960.00000000       0.49726880
     961.00000000       0.49999658
     962.00000000       0.50351394
     963.00000000       0.50063279
     964.00000000       0.49695735
     965.00000000       0.50000867
     966.00000000       0.50386001
     967.00000000       0.50061878
     968.00000000       0.49657056
     969.00000000       0.50002507
     970.00000000       0.50429515
     971.00000000       0.50059935
     972.00000000       0.49607738
     973.00000000       0.50004841
     974.00000000       0.50485882
     975.00000000       0.50057089
     976.00000000       0.49542693
     977.00000000       0.50008369
     978.00000000       0.50561775
     979.00000000       0.50052631
     980.00000000       0.49452989
     981.00000000       0.50014130
     982.00000000       0.50669441
     983.00000000       0.50044985
     984.00000000       0.49321364
     985.00000000       0.50024605
     986.00000000       0.50834031
     987.00000000       0.50030060
     988.00000000       0.49109645
     989.00000000       0.50046959
     990.00000000       0.51116519
     991.00000000       0.49994313
     992.00000000       0.48713766
     993.00000000       0.50109537
     994.00000000       0.51711174
     995.00000000       0.49869112
     996.00000000       0.47721052
     997.00000000       0.50420801
     998.00000000       0.53694048
     999.00000000       0.48699769
    1000.00000000       0.42017395
    1001.00000000       0.63545460
    1002.00000000       0.42065997
    1003.00000000       0.48672605
    1004.00000000       0.53618315
    1005.00000000       0.50420950
    1006.00000000       0.47769737
    1007.00000000       0.49841799
    1008.00000000       0.51635357
    1009.00000000       0.50109836
    1010.00000000       0.48762536
    1011.00000000       0.49966850
    1012.00000000       0.51040616
    1013.00000000       0.50047408
    1014.00000000       0.49158502
    1015.00000000       0.50002446
    1016.00000000       0.50758040
    1017.00000000       0.50025205
    1018.00000000       0.49370309
    1019.00000000       0.50017220
    1020.00000000       0.50593362
    1021.00000000       0.50014882
    1022.00000000       0.49502024
    1023.00000000       0.50024713
    1024.00000000       0.50485605
    1025.00000000       0.50009274
    1026.00000000       0.49591820
    1027.00000000       0.50029018
    1028.00000000       0.50409620
    1029.00000000       0.50005900
    1030.00000000       0.49656957
    1031.00000000       0.50031710
    1032.00000000       0.50353159
    1033.00000000       0.50003720
    1034.00000000       0.49706370
    1035.00000000       0.50033498
    1036.00000000       0.50309550
    1037.00000000       0.50002235
    1038.00000000       0.49745145
    1039.00000000       0.50034743
    1040.00000000       0.50274846
    1041.00000000       0.50001182
    1042.00000000       0.49776388
    1043.00000000       0.50035641
    1044.00000000       0.50246568
    1045.00000000       0.50000411
    1046.00000000       0.49802105
    1047.00000000       0.50036307
    1048.00000000       0.50223077
    1049.00000000       0.49999833
    1050.00000000       0.49823648
    1051.00000000       0.50036812
    1052.00000000       0.50203249
    1053.00000000       0.49999390
    1054.00000000       0.49841960
    1055.00000000       0.50037202
    1056.00000000       0.50186284
    1057.00000000       0.49999045
    1058.00000000       0.49857722
    1059.00000000       0.50037508
    1060.00000000       0.50171601
    1061.00000000       0.49998773
    1062.00000000       0.49871435
    1063.00000000       0.50037751
    1064.00000000       0.50158765
    1065.00000000       0.49998556
    1066.00000000       0.49883476
    1067.00000000       0.50037945
    1068.00000000       0.50147445
    1069.00000000       0.49998382
    1070.00000000       0.49894138
    1071.00000000       0.50038102
    1072.00000000       0.50137385
    1073.00000000       0.49998241
    1074.00000000       0.49903646
    1075.00000000       0.50038229
    1076.00000000       0.50128383
    1077.00000000       0.49998126
    1078.00000000       0.49912182
    1079.00000000       0.50038332
    1080.00000000       0.50120279
    1081.00000000       0.49998033
    1082.00000000       0.49919888
    1083.00000000       0.50038417
    1084.00000000       0.50112942
    1085.00000000       0.49997956
    1086.00000000       0.49926882
    1087.00000000       0.50038485
    1088.00000000       0.50106266
    1089.00000000       0.49997894
    1090.00000000       0.49933261
    1091.00000000       0.50038541
    1092.00000000       0.50100165
    1093.00000000       0.49997844
    1094.00000000       0.49939103
    1095.00000000       0.50038587
    1096.00000000       0.50094564
    1097.00000000       0.49997803
    1098.00000000       0.49944476
    1099.00000000       0.50038623
    1100.00000000       0.50089405
    1101.00000000       0.49997771
    1102.00000000       0.49949436
    1103.00000000       0.50038652
    1104.00000000       0.50084634
    1105.00000000       0.49997746
    1106.00000000       0.49954029
    1107.00000000       0.50038674
    1108.00000000       0.50080208
    1109.00000000       0.49997726
    1110.00000000       0.49958297
    1111.00000000       0.50038691
    1112.00000000       0.50076089
    1113.00000000       0.49997711
    1114.00000000       0.49962274
    1115.00000000       0.50038703
    1116.00000000       0.50072246
    1117.00000000       0.49997701
    1118.00000000       0.49965990
    1119.00000000       0.50038712
    1120.00000000       0.50068651
    1121.00000000       0.49997695
    1122.00000000       0.49969471
    1123.00000000       0.50038717
    1124.00000000       0.50065278
    1125.00000000       0.49997691
    1126.00000000       0.49972740
    1127.00000000       0.50038718
    1128.00000000       0.50062107
    1129.00000000       0.49997691
    1130.00000000       0.49975817
    1131.00000000       0.50038718
    1132.00000000       0.50059120
    1133.00000000       0.49997693
    1134.00000000       0.49978720
    1135.00000000       0.50038715
    1136.00000000       0.50056299
    1137.00000000       0.49997697
    1138.00000000       0.49981463
    1139.00000000       0.50038710
    1140.00000000       0.50053630
    1141.00000000       0.49997703
    1142.00000000       0.49984060
    1143.00000000       0.50038703
    1144.00000000       0.50051101
    1145.00000000       0.49997710
    1146.00000000       0.49986525
    1147.00000000       0.50038694
    1148.00000000       0.50048699
    1149.00000000       0.49997719
    1150.00000000       0.49988867
    1151.00000000       0.50038685
    1152.00000000       0.50046414
    1153.00000000       0.49997730
    1154.00000000       0.49991096
    1155.00000000       0.50038674
    1156.00000000       0.50044238
    1157.00000000       0.49997741
    1158.00000000       0.49993221
    1159.00000000       0.50038662
    1160.00000000       0.50042162
    1161.00000000       0.49997754
    1162.00000000       0.49995251
    1163.00000000       0.50038649
    1164.00000000       0.50040177
    1165.00000000       0.49997767
    1166.00000000       0.49997191
    1167.00000000       0.50038635
    1168.00000000       0.50038279
    1169.00000000       0.49997781
    1170.00000000       0.49999050
    1171.00000000       0.50038621
    1172.00000000       0.50036459
    1173.00000000       0.49997796
    1174.00000000       0.50000832
    1175.00000000       0.50038606
    1176.00000000       0.50034714
    1177.00000000       0.49997811
    1178.00000000       0.50002542
    1179.00000000       0.50038590
    1180.00000000       0.50033037
    1181.00000000       0.49997827
    1182.00000000       0.50004187
    1183.00000000       0.50038574
    1184.00000000       0.50031424
    1185.00000000       0.49997844
    1186.00000000       0.50005769
    1187.00000000       0.50038557
    1188.00000000       0.50029871
    1189.00000000       0.49997861
    1190.00000000       0.50007294
    1191.00000000       0.50038540
    1192.00000000       0.50028373
    1193.00000000       0.49997878
    1194.00000000       0.50008765
    1195.00000000       0.50038523
    1196.00000000       0.50026928
    1197.00000000       0.49997895
    1198.00000000       0.50010185
    1199.00000000       0.50038505
    1200.00000000       0.50025532
    1201.00000000       0.49997913
    1202.00000000       0.50011558
    1203.00000000       0.50038487
    1204.00000000       0.50024182
    1205.00000000       0.49997931
    1206.00000000       0.50012886
    1207.00000000       0.50038469
    1208.00000000       0.50022874
    1209.00000000       0.49997950
    1210.00000000       0.50014173
    1211.00000000       0.50038450
    1212.00000000       0.50021607
    1213.00000000       0.49997968
    1214.00000000       0.50015421
    1215.00000000       0.50038432
    1216.00000000       0.50020379
    1217.00000000       0.49997987
    1218.00000000       0.50016631
    1219.00000000       0.50038413
    1220.00000000       0.50019186
    1221.00000000       0.49998006
    1222.00000000       0.50017807
    1223.00000000       0.50038394
    1224.00000000       0.50018027
    1225.00000000       0.49998025
    1226.00000000       0.50018950
    1227.00000000       0.50038375
    1228.00000000       0.50016899
    1229.00000000       0.49998044
    1230.00000000       0.50020062
    1231.00000000       0.50038356
    1232.00000000       0.50015802
    1233.00000000       0.49998063
    1234.00000000       0.50021145
    1235.00000000       0.50038337
    1236.00000000       0.50014733
    1237.00000000       0.49998082
    1238.00000000       0.50022201
    1239.00000000       0.50038317
    1240.00000000       0.50013690
    1241.00000000       0.49998101
    1242.00000000       0.50023230
    1243.00000000       0.50038298
    1244.00000000       0.50012673
    1245.00000000       0.49998121
    1246.00000000       0.50024235
    1247.00000000       0.50038279
    1248.00000000       0.50011680
    1249.00000000       0.49998140
    1250.00000000       0.50025217
    1251.00000000       0.50038259
    1252.00000000       0.50010709
    1253.00000000       0.49998159
    1254.00000000       0.50026177
    1255.00000000       0.50038240
    1256.00000000       0.50009760
    1257.00000000       0.49998179
    1258.00000000       0.50027116
    1259.00000000       0.50038221
    1260.00000000       0.50008831
    1261.00000000       0.49998198
    1262.00000000       0.50028036
    1263.00000000       0.50038201
    1264.00000000       0.50007921
    1265.00000000       0.49998217
    1266.00000000       0.50028936
    1267.00000000       0.50038182
    1268.00000000       0.50007029
    1269.00000000       0.49998237
    1270.00000000       0.50029820
    1271.00000000       0.50038163
    1272.00000000       0.50006154
    1273.00000000       0.49998256
    1274.00000000       0.50030686
    1275.00000000       0.50038144
    1276.00000000       0.50005296
    1277.00000000       0.49998275
    1278.00000000       0.50031537
    1279.00000000       0.50038125
    1280.00000000       0.50004453
    1281.00000000       0.49998294
    1282.00000000       0.50032373
    1283.00000000       0.50038105
    1284.00000000       0.50003624
    1285.00000000       0.49998313
    1286.00000000       0.50033194
    1287.00000000       0.50038086
    1288.00000000       0.50002809
    1289.00000000       0.49998332
    1290.00000000       0.50034002
    1291.00000000       0.50038067
    1292.00000000       0.50002007
    1293.00000000       0.49998351
    1294.00000000       0.50034798
    1295.00000000       0.50038048
    1296.00000000       0.50001218
    1297.00000000       0.49998370
    1298.00000000       0.50035582
    1299.00000000       0.50038030
    1300.00000000       0.50000440
    1301.00000000       0.49998389
    1302.00000000       0.50036354
    1303.00000000       0.50038011
    1304.00000000       0.49999673
    1305.00000000       0.49998408
    1306.00000000       0.50037115
    1307.00000000       0.50037992
    1308.00000000       0.49998917
    1309.00000000       0.49998426
    1310.00000000       0.50037866
    1311.00000000       0.50037973
    1312.00000000       0.49998171
    1313.00000000       0.49998445
    1314.00000000       0.50038608
    1315.00000000       0.50037955
    1316.00000000       0.49997434
    1317.00000000       0.49998464
    1318.00000000       0.50039341
    1319.00000000       0.50037936
    1320.00000000       0.49996705
    1321.00000000       0.49998482
    1322.00000000       0.50040065
    1323.00000000       0.50037918
    1324.00000000       0.49995985
    1325.00000000       0.49998500
    1326.00000000       0.50040781
    1327.00000000       0.50037900
    1328.00000000       0.49995273
    1329.00000000       0.49998519
    1330.00000000       0.50041489
    1331.00000000       0.50037882
    1332.00000000       0.49994568
    1333.00000000       0.49998537
    1334.00000000       0.50042191
    1335.00000000       0.50037863
    1336.00000000       0.49993870
    1337.00000000       0.49998555
    1338.00000000       0.50042886
    1339.00000000       0.50037845
    1340.00000000       0.49993178
    1341.00000000       0.49998573
    1342.00000000       0.50043574
    1343.00000000       0.50037828
    1344.00000000       0.49992493
    1345.00000000       0.49998590
    1346.00000000       0.50044257
    1347.00000000       0.50037810
    1348.00000000       0.49991813
    1349.00000000       0.49998608
    1350.00000000       0.50044934
    1351.00000000       0.50037792
    1352.00000000       0.49991138
    1353.00000000       0.49998626
    1354.00000000       0.50045606
    1355.00000000       0.50037775
    1356.00000000       0.49990468
    1357.00000000       0.49998643
    1358.00000000       0.50046274
    1359.00000000       0.50037757
    1360.00000000       0.49989803
    1361.00000000       0.49998661
    1362.00000000       0.50046937
    1363.00000000       0.50037740
    1364.00000000       0.49989142
    1365.00000000       0.49998678
    1366.00000000       0.50047596
    1367.00000000       0.50037723
    1368.00000000       0.49988485
    1369.00000000       0.49998695
    1370.00000000       0.50048252
    1371.00000000       0.50037705
    1372.00000000       0.49987831
    1373.00000000       0.49998712
    1374.00000000       0.50048904
    1375.00000000       0.50037688
    1376.00000000       0.49987180
    1377.00000000       0.49998729
    1378.00000000       0.50049553
    1379.00000000       0.50037671
    1380.00000000       0.49986532
    1381.00000000       0.49998746
    1382.00000000       0.50050200
    1383.00000000       0.50037655
    1384.00000000       0.49985887
    1385.00000000       0.49998763
    1386.00000000       0.50050844
    1387.00000000       0.50037638
    1388.00000000       0.49985244
    1389.00000000       0.49998779
    1390.00000000       0.50051486
    1391.00000000       0.50037621
    1392.00000000       0.49984603
    1393.00000000       0.49998796
    1394.00000000       0.50052126
    1395.00000000       0.50037605
    1396.00000000       0.49983963
    1397.00000000       0.49998812
    1398.00000000       0.50052765
    1399.00000000       0.50037589
    1400.00000000       0.49983325
    1401.00000000       0.49998829
    1402.00000000       0.50053402
    1403.00000000       0.50037572
    1404.00000000       0.49982688
    1405.00000000       0.49998845
    1406.00000000       0.50054039
    1407.00000000       0.50037556
    1408.00000000       0.49982052
    1409.00000000       0.49998861
    1410.00000000       0.50054675
    1411.00000000       0.50037540
    1412.00000000       0.49981417
    1413.00000000       0.49998877
    1414.00000000       0.50055310
    1415.00000000       0.50037525
    1416.00000000       0.49980782
    1417.00000000       0.49998893
    1418.00000000       0.50055945
    1419.00000000       0.50037509
    1420.00000000       0.49980146
    1421.00000000       0.49998908
    1422.00000000       0.50056580
    1423.00000000       0.50037493
    1424.00000000       0.49979511
    1425.00000000       0.49998924
    1426.00000000       0.50057216
    1427.00000000       0.50037478
    1428.00000000       0.49978875
    1429.00000000       0.49998939
    1430.00000000       0.50057852
    1431.00000000       0.50037462
    1432.00000000       0.49978239
    1433.00000000       0.49998955
    1434.00000000       0.50058489
    1435.00000000       0.50037447
    1436.00000000       0.49977601
    1437.00000000       0.49998970
    1438.00000000       0.50059127
    1439.00000000       0.50037432
    1440.00000000       0.49976962
    1441.00000000       0.49998985
    1442.00000000       0.50059767
    1443.00000000       0.50037417
    1444.00000000       0.49976322
    1445.00000000       0.49999000
    1446.00000000       0.50060408
    1447.00000000       0.50037402
    1448.00000000       0.49975680
    1449.00000000       0.49999015
    1450.00000000       0.50061050
    1451.00000000       0.50037387
    1452.00000000       0.49975037
    1453.00000000       0.49999029
    1454.00000000       0.50061695
    1455.00000000       0.50037372
    1456.00000000       0.49974391
    1457.00000000       0.49999044
    1458.00000000       0.50062342
    1459.00000000       0.50037358
    1460.00000000       0.49973742
    1461.00000000       0.49999059
    1462.00000000       0.50062992
    1463.00000000       0.50037343
    1464.00000000       0.49973091
    1465.00000000       0.49999073
    1466.00000000       0.50063645
    1467.00000000       0.50037329
    1468.00000000       0.49972437
    1469.00000000       0.49999087
    1470.00000000       0.50064300
    1471.00000000       0.50037315
    1472.00000000       0.49971780
    1473.00000000       0.49999101
    1474.00000000       0.50064959
    1475.00000000       0.50037301
    1476.00000000       0.49971119
    1477.00000000       0.49999115
    1478.00000000       0.50065621
    1479.00000000       0.50037287
    1480.00000000       0.49970455
    1481.00000000       0.49999129
    1482.00000000       0.50066288
    1483.00000000       0.50037273
    1484.00000000       0.49969787
    1485.00000000       0.49999143
    1486.00000000       0.50066958
    1487.00000000       0.50037259
    1488.00000000       0.49969115
    1489.00000000       0.49999157
    1490.00000000       0.50067632
    1491.00000000       0.50037246
    1492.00000000       0.49968438
    1493.00000000       0.49999170
    1494.00000000       0.50068312
    1495.00000000       0.50037232
    1496.00000000       0.49967756
    1497.00000000       0.49999184
    1498.00000000       0.50068995
    1499.00000000       0.50037219
    1500.00000000       0.49967070
    1501.00000000       0.49999197
    1502.00000000       0.50069684
    1503.00000000       0.50037205
    1504.00000000       0.49966378
    1505.00000000       0.49999210
    1506.00000000       0.50070379
    1507.00000000       0.50037192
    1508.00000000       0.49965681
    1509.00000000       0.49999223
    1510.00000000       0.50071079
    1511.00000000       0.50037179
    1512.00000000       0.49964978
    1513.00000000       0.49999236
    1514.00000000       0.50071785
    1515.00000000       0.50037166
    1516.00000000       0.49964269
    1517.00000000       0.49999249
    1518.00000000       0.50072497
    1519.00000000       0.50037154
    1520.00000000       0.49963554
    1521.00000000       0.49999262
    1522.00000000       0.50073215
    1523.00000000       0.50037141
    1524.00000000       0.49962832
    1525.00000000       0.49999275
    1526.00000000       0.50073941
    1527.00000000       0.50037128
    1528.00000000       0.49962103
    1529.00000000       0.49999287
    1530.00000000       0.50074673
    1531.00000000       0.50037116
    1532.00000000       0.49961367
    1533.00000000       0.49999299
    1534.00000000       0.50075413
    1535.00000000       0.50037104
    1536.00000000       0.49960624
    1537.00000000       0.49999312
    1538.00000000       0.50076160
    1539.00000000       0.50037091
    1540.00000000       0.49959873
    1541.00000000       0.49999324
    1542.00000000       0.50076915
    1543.00000000       0.50037079
    1544.00000000       0.49959113
    1545.00000000       0.49999336
    1546.00000000       0.50077679
    1547.00000000       0.50037067
    1548.00000000       0.49958345
    1549.00000000       0.49999348
    1550.00000000       0.50078451
    1551.00000000       0.50037055
    1552.00000000       0.49957569
    1553.00000000       0.49999360
    1554.00000000       0.50079232
    1555.00000000       0.50037044
    1556.00000000       0.49956783
    1557.00000000       0.49999371
    1558.00000000       0.50080023
    1559.00000000       0.50037032
    1560.00000000       0.49955987
    1561.00000000       0.49999383
    1562.00000000       0.50080823
    1563.00000000       0.50037021
    1564.00000000       0.49955182
    1565.00000000       0.49999394
    1566.00000000       0.50081634
    1567.00000000       0.50037009
    1568.00000000       0.49954366
    1569.00000000       0.49999406
    1570.00000000       0.50082454
    1571.00000000       0.50036998
    1572.00000000       0.49953540
    1573.00000000       0.49999417
    1574.00000000       0.50083286
    1575.00000000       0.50036987
    1576.00000000       0.49952703
    1577.00000000       0.49999428
    1578.00000000       0.50084129
    1579.00000000       0.50036976
    1580.00000000       0.49951854
    1581.00000000       0.49999439
    1582.00000000       0.50084984
    1583.00000000       0.50036965
    1584.00000000       0.49950994
    1585.00000000       0.49999450
    1586.00000000       0.50085850
    1587.00000000       0.50036954
    1588.00000000       0.49950121
    1589.00000000       0.49999461
    1590.00000000       0.50086729
    1591.00000000       0.50036943
    1592.00000000       0.49949235
    1593.00000000       0.49999471
    1594.00000000       0.50087622
    1595.00000000       0.50036933
    1596.00000000       0.49948336
    1597.00000000       0.49999482
    1598.00000000       0.50088527
    1599.00000000       0.50036922
    1600.00000000       0.49947424
    1601.00000000       0.49999492
    1602.00000000       0.50089447
    1603.00000000       0.50036912
    1604.00000000       0.49946497
    1605.00000000       0.49999503
    1606.00000000       0.50090381
    1607.00000000       0.50036901
    1608.00000000       0.49945556
    1609.00000000       0.49999513
    1610.00000000       0.50091330
    1611.00000000       0.50036891
    1612.00000000       0.49944599
    1613.00000000       0.49999523
    1614.00000000       0.50092295
    1615.00000000       0.50036881
    1616.00000000       0.49943626
    1617.00000000       0.49999533
    1618.00000000       0.50093275
    1619.00000000       0.50036871
    1620.00000000       0.49942637
    1621.00000000       0.49999543
    1622.00000000       0.50094273
    1623.00000000       0.50036861
    1624.00000000       0.49941631
    1625.00000000       0.49999553
    1626.00000000       0.50095287
    1627.00000000       0.50036852
    1628.00000000       0.49940608
    1629.00000000       0.49999562
    1630.00000000       0.50096320
    1631.00000000       0.50036842
    1632.00000000       0.49939566
    1633.00000000       0.49999572
    1634.00000000       0.50097371
    1635.00000000       0.50036833
    1636.00000000       0.49938505
    1637.00000000       0.49999581
    1638.00000000       0.50098442
    1639.00000000       0.50036823
    1640.00000000       0.49937424
    1641.00000000       0.49999590
    1642.00000000       0.50099533
    1643.00000000       0.50036814
    1644.00000000       0.49936323
    1645.00000000       0.49999600
    1646.00000000       0.50100644
    1647.00000000       0.50036805
    1648.00000000       0.49935201
    1649.00000000       0.49999609
    1650.00000000       0.50101777
    1651.00000000       0.50036796
    1652.00000000       0.49934057
    1653.00000000       0.49999618
    1654.00000000       0.50102932
    1655.00000000       0.50036787
    1656.00000000       0.49932891
    1657.00000000       0.49999627
    1658.00000000       0.50104111
    1659.00000000       0.50036778
    1660.00000000       0.49931700
    1661.00000000       0.49999635
    1662.00000000       0.50105313
    1663.00000000       0.50036769
    1664.00000000       0.49930485
    1665.00000000       0.49999644
    1666.00000000       0.50106541
    1667.00000000       0.50036761
    1668.00000000       0.49929245
    1669.00000000       0.49999653
    1670.00000000       0.50107794
    1671.00000000       0.50036752
    1672.00000000       0.49927978
    1673.00000000       0.49999661
    1674.00000000       0.50109075
    1675.00000000       0.50036744
    1676.00000000       0.49926683
    1677.00000000       0.49999669
    1678.00000000       0.50110384
    1679.00000000       0.50036736
    1680.00000000       0.49925360
    1681.00000000       0.49999678
    1682.00000000       0.50111722
    1683.00000000       0.50036727
    1684.00000000       0.49924007
    1685.00000000       0.49999686
    1686.00000000       0.50113090
    1687.00000000       0.50036719
    1688.00000000       0.49922623
    1689.00000000       0.49999694
    1690.00000000       0.50114490
    1691.00000000       0.50036711
    1692.00000000       0.49921207
    1693.00000000       0.49999702
    1694.00000000       0.50115923
    1695.00000000       0.50036704
    1696.00000000       0.49919757
    1697.00000000       0.49999710
    1698.00000000       0.50117390
    1699.00000000       0.50036696
    1700.00000000       0.49918272
    1701.00000000       0.49999717
    1702.00000000       0.50118893
    1703.00000000       0.50036688
    1704.00000000       0.49916751
    1705.00000000       0.49999725
    1706.00000000       0.50120433
    1707.00000000       0.50036681
    1708.00000000       0.49915192
    1709.00000000       0.49999732
    1710.00000000       0.50122011
    1711.00000000       0.50036673
    1712.00000000       0.49913593
    1713.00000000       0.49999740
    1714.00000000       0.50123631
    1715.00000000       0.50036666
    1716.00000000       0.49911953
    1717.00000000       0.49999747
    1718.00000000       0.50125292
    1719.00000000       0.50036659
    1720.00000000       0.49910270
    1721.00000000       0.49999754
    1722.00000000       0.50126998
    1723.00000000       0.50036652
    1724.00000000       0.49908541
    1725.00000000       0.49999761
    1726.00000000       0.50128750
    1727.00000000       0.50036645
    1728.00000000       0.49906766
    1729.00000000       0.49999768
    1730.00000000       0.50130550
    1731.00000000       0.50036638
    1732.00000000       0.49904941
    1733.00000000       0.49999775
    1734.00000000       0.50132400
    1735.00000000       0.50036631
    1736.00000000       0.49903064
    1737.00000000       0.49999782
    1738.00000000       0.50134303
    1739.00000000       0.50036624
    1740.00000000       0.49901134
    1741.00000000       0.49999788
    1742.00000000       0.50136262
    1743.00000000       0.50036618
    1744.00000000       0.49899147
    1745.00000000       0.49999795
    1746.00000000       0.50138278
    1747.00000000       0.50036611
    1748.00000000       0.49897100
    1749.00000000       0.49999801
    1750.00000000       0.50140355
    1751.00000000       0.50036605
    1752.00000000       0.49894992
    1753.00000000       0.49999808
    1754.00000000       0.50142496
    1755.00000000       0.50036598
    1756.00000000       0.49892818
    1757.00000000       0.49999814
    1758.00000000       0.50144704
    1759.00000000       0.50036592
    1760.00000000       0.49890575
    1761.00000000       0.49999820
    1762.00000000       0.50146982
    1763.00000000       0.50036586
    1764.00000000       0.49888261
    1765.00000000       0.49999826
    1766.00000000       0.50149334
    1767.00000000       0.50036580
    1768.00000000       0.49885870
    1769.00000000       0.49999832
    1770.00000000       0.50151764
    1771.00000000       0.50036574
    1772.00000000       0.49883400
    1773.00000000       0.49999838
    1774.00000000       0.50154276
    1775.00000000       0.50036569
    1776.00000000       0.49880845
    1777.00000000       0.49999843
    1778.00000000       0.50156875
    1779.00000000       0.50036563
    1780.00000000       0.49878201
    1781.00000000       0.49999849
    1782.00000000       0.50159565
    1783.00000000       0.50036558
    1784.00000000       0.49875464
    1785.00000000       0.49999854
    1786.00000000       0.50162351
    1787.00000000       0.50036552
    1788.00000000       0.49872627
    1789.00000000       0.49999860
    1790.00000000       0.50165239
    1791.00000000       0.50036547
    1792.00000000       0.49869686
    1793.00000000       0.49999865
    1794.00000000       0.50168236
    1795.00000000       0.50036542
    1796.00000000       0.49866633
    1797.00000000       0.49999870
    1798.00000000       0.50171346
    1799.00000000       0.50036536
    1800.00000000       0.49863463
    1801.00000000       0.49999875
    1802.00000000       0.50174578
    1803.00000000       0.50036531
    1804.00000000       0.49860167
    1805.00000000       0.49999880
    1806.00000000       0.50177939
    1807.00000000       0.50036527
    1808.00000000       0.49856739
    1809.00000000       0.49999885
    1810.00000000       0.50181436
    1811.00000000       0.50036522
    1812.00000000       0.49853170
    1813.00000000       0.49999890
    1814.00000000       0.50185080
    1815.00000000       0.50036517
    1816.00000000       0.49849450
    1817.00000000       0.49999894
    1818.00000000       0.50188879
    1819.00000000       0.50036512
    1820.00000000       0.49845570
    1821.00000000       0.49999899
    1822.00000000       0.50192843
    1823.00000000       0.50036508
    1824.00000000       0.49841518
    1825.00000000       0.49999903
    1826.00000000       0.50196985
    1827.00000000       0.50036503
    1828.00000000       0.49837283
    1829.00000000       0.49999908
    1830.00000000       0.50201317
    1831.00000000       0.50036499
    1832.00000000       0.49832851
    1833.00000000       0.49999912
    1834.00000000       0.50205852
    1835.00000000       0.50036495
    1836.00000000       0.49828209
    1837.00000000       0.49999916
    1838.00000000       0.50210605
    1839.00000000       0.50036491
    1840.00000000       0.49823340
    1841.00000000       0.49999920
    1842.00000000       0.50215594
    1843.00000000       0.50036487
    1844.00000000       0.49818228
    1845.00000000       0.49999924
    1846.00000000       0.50220835
    1847.00000000       0.50036483
    1848.00000000       0.49812852
    1849.00000000       0.49999928
    1850.00000000       0.50226350
    1851.00000000       0.50036479
    1852.00000000       0.49807192
    1853.00000000       0.49999932
    1854.00000000       0.50232161
    1855.00000000       0.50036475
    1856.00000000       0.49801225
    1857.00000000       0.49999935
    1858.00000000       0.50238292
    1859.00000000       0.50036472
    1860.00000000       0.49794923
    1861.00000000       0.49999939
    1862.00000000       0.50244771
    1863.00000000       0.50036468
    1864.00000000       0.49788258
    1865.00000000       0.49999942
    1866.00000000       0.50251630
    1867.00000000       0.50036465
    1868.00000000       0.49781197
    1869.00000000       0.49999946
    1870.00000000       0.50258903
    1871.00000000       0.50036462
    1872.00000000       0.49773703
    1873.00000000       0.49999949
    1874.00000000       0.50266629
    1875.00000000       0.50036458
    1876.00000000       0.49765734
    1877.00000000       0.49999952
    1878.00000000       0.50274852
    1879.00000000       0.50036455
    1880.00000000       0.49757243
    1881.00000000       0.49999955
    1882.00000000       0.50283623
    1883.00000000       0.50036452
    1884.00000000       0.49748177
    1885.00000000       0.49999958
    1886.00000000       0.50292999
    1887.00000000       0.50036450
    1888.00000000       0.49738475
    1889.00000000       0.49999961
    1890.00000000       0.50303045
    1891.00000000       0.50036447
    1892.00000000       0.49728066
    1893.00000000       0.49999964
    1894.00000000       0.50313837
    1895.00000000       0.50036444
    1896.00000000       0.49716870
    1897.00000000       0.49999966
    1898.00000000       0.50325461
    1899.00000000       0.50036441
    1900.00000000       0.49704793
    1901.00000000       0.49999969
    1902.00000000       0.50338019
    1903.00000000       0.50036439
    1904.00000000       0.49691725
    1905.00000000       0.49999971
    1906.00000000       0.50351628
    1907.00000000       0.50036437
    1908.00000000       0.49677541
    1909.00000000       0.49999974
    1910.00000000       0.50366426
    1911.00000000       0.50036434
    1912.00000000       0.49662087
    1913.00000000       0.49999976
    1914.00000000       0.50382579
    1915.00000000       0.50036432
    1916.00000000       0.49645186
    1917.00000000       0.49999978
    1918.00000000       0.50400282
    1919.00000000       0.50036430
    1920.00000000       0.49626623
    1921.00000000       0.49999980
    1922.00000000       0.50419770
    1923.00000000       0.50036428
    1924.00000000       0.49606139
    1925.00000000       0.49999982
    1926.00000000       0.50441329
    1927.00000000       0.50036426
    1928.00000000       0.49583418
    1929.00000000       0.49999984
    1930.00000000       0.50465309
    1931.00000000       0.50036424
    1932.00000000       0.49558070
    1933.00000000       0.49999986
    1934.00000000       0.50492144
    1935.00000000       0.50036423
    1936.00000000       0.49529612
    1937.00000000       0.49999987
    1938.00000000       0.50522378
    1939.00000000       0.50036421
    1940.00000000       0.49497431
    1941.00000000       0.49999989
    1942.00000000       0.50556702
    1943.00000000       0.50036420
    1944.00000000       0.49460743
    1945.00000000       0.49999990
    1946.00000000       0.50596008
    1947.00000000       0.50036418
    1948.00000000       0.49418527
    1949.00000000       0.49999992
    1950.00000000       0.50641469
    1951.00000000       0.50036417
    1952.00000000       0.49369431
    1953.00000000       0.49999993
    1954.00000000       0.50694656
    1955.00000000       0.50036416
    1956.00000000       0.49311619
    1957.00000000       0.49999994
    1958.00000000       0.50757725
    1959.00000000       0.50036415
    1960.00000000       0.49242540
    1961.00000000       0.49999995
    1962.00000000       0.50833717
    1963.00000000       0.50036414
    1964.00000000       0.49158540
    1965.00000000       0.49999996
    1966.00000000       0.50927063
    1967.00000000       0.50036413
    1968.00000000       0.49054193
    1969.00000000       0.49999997
    1970.00000000       0.51044481
    1971.00000000       0.50036412
    1972.00000000       0.48921079
    1973.00000000       0.49999998
    1974.00000000       0.51196669
    1975.00000000       0.50036411
    1976.00000000       0.48745392
    1977.00000000       0.49999998
    1978.00000000       0.51401768
    1979.00000000       0.50036411
    1980.00000000       0.48502802
    1981.00000000       0.49999999
    1982.00000000       0.51693196
    1983.00000000       0.50036410
    1984.00000000       0.48146084
    1985.00000000       0.49999999
    1986.00000000       0.52140015
    1987.00000000       0.50036410
    1988.00000000       0.47569889
    1989.00000000       0.50000000
    1990.00000000       0.52911743
    1991.00000000       0.50036409
    1992.00000000       0.46481582
    1993.00000000       0.50000000
    1994.00000000       0.54565369
    1995.00000000       0.50036409
    1996.00000000       0.43652092
    1997.00000000       0.50000000
    1998.00000000       0.60628483
    1999.00000000       0.50036409
    2000.00000000       0.18187233
