    1.256637    1.256637    1.256637
    1.256637    1.256637    2.513274
    1.256637    1.256637    3.769911
    1.256637    1.256637    5.026548
    1.256637    1.256637    6.283185
    1.256637    2.513274    1.256637
    1.256637    2.513274    2.513274
    1.256637    2.513274    3.769911
    1.256637    2.513274    5.026548
    1.256637    2.513274    6.283185
    1.256637    3.769911    1.256637
    1.256637    3.769911    2.513274
    1.256637    3.769911    3.769911
    1.256637    3.769911    5.026548
    1.256637    3.769911    6.283185
    1.256637    5.026548    1.256637
    1.256637    5.026548    2.513274
    1.256637    5.026548    3.769911
    1.256637    5.026548    5.026548
    1.256637    5.026548    6.283185
    1.256637    6.283185    1.256637
    1.256637    6.283185    2.513274
    1.256637    6.283185    3.769911
    1.256637    6.283185    5.026548
    1.256637    6.283185    6.283185
    2.513274    1.256637    1.256637
    2.513274    1.256637    2.513274
    2.513274    1.256637    3.769911
    2.513274    1.256637    5.026548
    2.513274    1.256637    6.283185
    2.513274    2.513274    1.256637
    2.513274    2.513274    2.513274
    2.513274    2.513274    3.769911
    2.513274    2.513274    5.026548
    2.513274    2.513274    6.283185
    2.513274    3.769911    1.256637
    2.513274    3.769911    2.513274
    2.513274    3.769911    3.769911
    2.513274    3.769911    5.026548
    2.513274    3.769911    6.283185
    2.513274    5.026548    1.256637
    2.513274    5.026548    2.513274
    2.513274    5.026548    3.769911
    2.513274    5.026548    5.026548
    2.513274    5.026548    6.283185
    2.513274    6.283185    1.256637
    2.513274    6.283185    2.513274
    2.513274    6.283185    3.769911
    2.513274    6.283185    5.026548
    2.513274    6.283185    6.283185
    3.769911    1.256637    1.256637
    3.769911    1.256637    2.513274
    3.769911    1.256637    3.769911
    3.769911    1.256637    5.026548
    3.769911    1.256637    6.283185
    3.769911    2.513274    1.256637
    3.769911    2.513274    2.513274
    3.769911    2.513274    3.769911
    3.769911    2.513274    5.026548
    3.769911    2.513274    6.283185
    3.769911    3.769911    1.256637
    3.769911    3.769911    2.513274
    3.769911    3.769911    3.769911
    3.769911    3.769911    5.026548
    3.769911    3.769911    6.283185
    3.769911    5.026548    1.256637
    3.769911    5.026548    2.513274
    3.769911    5.026548    3.769911
    3.769911    5.026548    5.026548
    3.769911    5.026548    6.283185
    3.769911    6.283185    1.256637
    3.769911    6.283185    2.513274
    3.769911    6.283185    3.769911
    3.769911    6.283185    5.026548
    3.769911    6.283185    6.283185
    5.026548    1.256637    1.256637
    5.026548    1.256637    2.513274
    5.026548    1.256637    3.769911
    5.026548    1.256637    5.026548
    5.026548    1.256637    6.283185
    5.026548    2.513274    1.256637
    5.026548    2.513274    2.513274
    5.026548    2.513274    3.769911
    5.026548    2.513274    5.026548
    5.026548    2.513274    6.283185
    5.026548    3.769911    1.256637
    5.026548    3.769911    2.513274
    5.026548    3.769911    3.769911
    5.026548    3.769911    5.026548
    5.026548    3.769911    6.283185
    5.026548    5.026548    1.256637
    5.026548    5.026548    2.513274
    5.026548    5.026548    3.769911
    5.026548    5.026548    5.026548
    5.026548    5.026548    6.283185
    5.026548    6.283185    1.256637
    5.026548    6.283185    2.513274
    5.026548    6.283185    3.769911
    5.026548    6.283185    5.026548
    5.026548    6.283185    6.283185
    6.283185    1.256637    1.256637
    6.283185    1.256637    2.513274
    6.283185    1.256637    3.769911
    6.283185    1.256637    5.026548
    6.283185    1.256637    6.283185
    6.283185    2.513274    1.256637
    6.283185    2.513274    2.513274
    6.283185    2.513274    3.769911
    6.283185    2.513274    5.026548
    6.283185    2.513274    6.283185
    6.283185    3.769911    1.256637
    6.283185    3.769911    2.513274
    6.283185    3.769911    3.769911
    6.283185    3.769911    5.026548
    6.283185    3.769911    6.283185
    6.283185    5.026548    1.256637
    6.283185    5.026548    2.513274
    6.283185    5.026548    3.769911
    6.283185    5.026548    5.026548
    6.283185    5.026548    6.283185
    6.283185    6.283185    1.256637
    6.283185    6.283185    2.513274
    6.283185    6.283185    3.769911
    6.283185    6.283185    5.026548
    6.283185    6.283185    6.283185
