      -1.48572432       3.00000000
      -1.48572432       4.00000000
      -1.48572432       5.00000000
      -1.48572432       8.00000000
      -0.66312088      11.00000000
      -0.66312088      14.00000000
      -0.66312088      20.00000000
      -0.66312088      26.00000000
      -0.66312088      29.00000000
      -0.66312088      32.00000000
      -0.15472400      34.00000000
      -0.15472400      35.00000000
      -0.15472400      39.00000000
      -0.15472400      41.00000000
      -0.15472400      43.00000000
      -0.15472400      44.00000000
       0.15948256      45.00000000
       0.15948256      46.00000000
       0.15948256      47.00000000
       0.15948256      48.00000000
       0.15948256      53.00000000
       0.15948256      54.00000000
       0.15948256      55.00000000
       0.15948256      56.00000000
       0.15948256      59.00000000
       0.15948256      60.00000000
       0.15948256      65.00000000
       0.15948256      68.00000000
       0.66787944      74.00000000
       0.66787944      80.00000000
       0.66787944      86.00000000
       0.66787944      89.00000000
       0.66787944      92.00000000
       0.98208600      94.00000000
       0.98208600      96.00000000
       0.98208600      98.00000000
       0.98208600      99.00000000
       0.98208600     100.00000000
       1.17627633     103.00000000
       1.17627633     106.00000000
       1.49048288     109.00000000
       1.49048288     115.00000000
       1.49048288     118.00000000
       1.99887976     121.00000000
       1.99887976     124.00000000
       2.50727665     125.00000000
