       0.00000000,       0.00000000
       0.01000000,       0.00015091
       0.02000000,       0.00030710
       0.03000000,       0.00046869
       0.04000000,       0.00063593
       0.05000000,       0.00080898
       0.06000000,       0.00098794
       0.07000000,       0.00117319
       0.08000000,       0.00136487
       0.09000000,       0.00156321
       0.10000000,       0.00176828
       0.11000000,       0.00198061
       0.12000000,       0.00220033
       0.13000000,       0.00242769
       0.14000000,       0.00266275
       0.15000000,       0.00290617
       0.16000000,       0.00315807
       0.17000000,       0.00341873
       0.18000000,       0.00368845
       0.19000000,       0.00396754
       0.20000000,       0.00425605
       0.21000000,       0.00455482
       0.22000000,       0.00486397
       0.23000000,       0.00518382
       0.24000000,       0.00551472
       0.25000000,       0.00585704
       0.26000000,       0.00621114
       0.27000000,       0.00657742
       0.28000000,       0.00695625
       0.29000000,       0.00734803
       0.30000000,       0.00775317
       0.31000000,       0.00817207
       0.32000000,       0.00860515
       0.33000000,       0.00905285
       0.34000000,       0.00951557
       0.35000000,       0.00999377
       0.36000000,       0.01048788
       0.37000000,       0.01099835
       0.38000000,       0.01152561
       0.39000000,       0.01207013
       0.40000000,       0.01263279
       0.41000000,       0.01321318
       0.42000000,       0.01381216
       0.43000000,       0.01443020
       0.44000000,       0.01506774
       0.45000000,       0.01572523
       0.46000000,       0.01640311
       0.47000000,       0.01710183
       0.48000000,       0.01782180
       0.49000000,       0.01856346
       0.50000000,       0.01932723
       0.51000000,       0.02011351
       0.52000000,       0.02092270
       0.53000000,       0.02175520
       0.54000000,       0.02261138
       0.55000000,       0.02349160
       0.56000000,       0.02439622
       0.57000000,       0.02532558
       0.58000000,       0.02628000
       0.59000000,       0.02725980
       0.60000000,       0.02826525
       0.61000000,       0.02929666
       0.62000000,       0.03035426
       0.63000000,       0.03143832
       0.64000000,       0.03254904
       0.65000000,       0.03368611
       0.66000000,       0.03485078
       0.67000000,       0.03604272
       0.68000000,       0.03726206
       0.69000000,       0.03850894
       0.70000000,       0.03978293
       0.71000000,       0.04108523
       0.72000000,       0.04241538
       0.73000000,       0.04377290
       0.74000000,       0.04515893
       0.75000000,       0.04657297
       0.76000000,       0.04801447
       0.77000000,       0.04948454
       0.78000000,       0.05098207
       0.79000000,       0.05250814
       0.80000000,       0.05406159
       0.81000000,       0.05564348
       0.82000000,       0.05725264
       0.83000000,       0.05889009
       0.84000000,       0.06055463
       0.85000000,       0.06224727
       0.86000000,       0.06396678
       0.87000000,       0.06571358
       0.88000000,       0.06748813
       0.89000000,       0.06928915
       0.90000000,       0.07111704
       0.91000000,       0.07297222
       0.92000000,       0.07485340
       0.93000000,       0.07676097
       0.94000000,       0.07869532
       0.95000000,       0.08065514
       0.96000000,       0.08264079
       0.97000000,       0.08465211
       0.98000000,       0.08668888
       0.99000000,       0.08875148
       1.00000000,       0.09083859
       1.01000000,       0.09295056
       1.02000000,       0.09508718
       1.03000000,       0.09724825
       1.04000000,       0.09943356
       1.05000000,       0.10164291
       1.06000000,       0.10387608
       1.07000000,       0.10613343
       1.08000000,       0.10841363
       1.09000000,       0.11071702
       1.10000000,       0.11304340
       1.11000000,       0.11539255
       1.12000000,       0.11776428
       1.13000000,       0.12015837
       1.14000000,       0.12257462
       1.15000000,       0.12501283
       1.16000000,       0.12747279
       1.17000000,       0.12995430
       1.18000000,       0.13245717
       1.19000000,       0.13498119
       1.20000000,       0.13752617
       1.21000000,       0.14009192
       1.22000000,       0.14267825
       1.23000000,       0.14528496
       1.24000000,       0.14791187
       1.25000000,       0.15055880
       1.26000000,       0.15322556
       1.27000000,       0.15591197
       1.28000000,       0.15861786
       1.29000000,       0.16134304
       1.30000000,       0.16408735
       1.31000000,       0.16685061
       1.32000000,       0.16963266
       1.33000000,       0.17243332
       1.34000000,       0.17525244
       1.35000000,       0.17808984
       1.36000000,       0.18094537
       1.37000000,       0.18381834
       1.38000000,       0.18670966
       1.39000000,       0.18961865
       1.40000000,       0.19254514
       1.41000000,       0.19548899
       1.42000000,       0.19845006
       1.43000000,       0.20142819
       1.44000000,       0.20442324
       1.45000000,       0.20743507
       1.46000000,       0.21046354
       1.47000000,       0.21350851
       1.48000000,       0.21656985
       1.49000000,       0.21964741
       1.50000000,       0.22274107
       1.51000000,       0.22585070
       1.52000000,       0.22897564
       1.53000000,       0.23211680
       1.54000000,       0.23527355
       1.55000000,       0.23844575
       1.56000000,       0.24163328
       1.57000000,       0.24483601
       1.58000000,       0.24805383
       1.59000000,       0.25128662
       1.60000000,       0.25453426
       1.61000000,       0.25779663
       1.62000000,       0.26107361
       1.63000000,       0.26436510
       1.64000000,       0.26767097
       1.65000000,       0.27099061
       1.66000000,       0.27432493
       1.67000000,       0.27767330
       1.68000000,       0.28103562
       1.69000000,       0.28441178
       1.70000000,       0.28780167
       1.71000000,       0.29120519
       1.72000000,       0.29462224
       1.73000000,       0.29805271
       1.74000000,       0.30149649
       1.75000000,       0.30495349
       1.76000000,       0.30842361
       1.77000000,       0.31190626
       1.78000000,       0.31540232
       1.79000000,       0.31891120
       1.80000000,       0.32243281
       1.81000000,       0.32596705
       1.82000000,       0.32951383
       1.83000000,       0.33307305
       1.84000000,       0.33664462
       1.85000000,       0.34022844
       1.86000000,       0.34382443
       1.87000000,       0.34743250
       1.88000000,       0.35105255
       1.89000000,       0.35468401
       1.90000000,       0.35832777
       1.91000000,       0.36198324
       1.92000000,       0.36565036
       1.93000000,       0.36932902
       1.94000000,       0.37301914
       1.95000000,       0.37672064
       1.96000000,       0.38043344
       1.97000000,       0.38415745
       1.98000000,       0.38789259
       1.99000000,       0.39163877
       2.00000000,       0.39539593
       2.01000000,       0.39916349
       2.02000000,       0.40294234
       2.03000000,       0.40673192
       2.04000000,       0.41053215
       2.05000000,       0.41434295
       2.06000000,       0.41816424
       2.07000000,       0.42199596
       2.08000000,       0.42583801
       2.09000000,       0.42969034
       2.10000000,       0.43355286
       2.11000000,       0.43742550
       2.12000000,       0.44130818
       2.13000000,       0.44520084
       2.14000000,       0.44910294
       2.15000000,       0.45301533
       2.16000000,       0.45693748
       2.17000000,       0.46086932
       2.18000000,       0.46481078
       2.19000000,       0.46876179
       2.20000000,       0.47272228
       2.21000000,       0.47669219
       2.22000000,       0.48067144
       2.23000000,       0.48465996
       2.24000000,       0.48865770
       2.25000000,       0.49266459
       2.26000000,       0.49668055
       2.27000000,       0.50070508
       2.28000000,       0.50473901
       2.29000000,       0.50878183
       2.30000000,       0.51283348
       2.31000000,       0.51689388
       2.32000000,       0.52096298
       2.33000000,       0.52504072
       2.34000000,       0.52912704
       2.35000000,       0.53322187
       2.36000000,       0.53732515
       2.37000000,       0.54143682
       2.38000000,       0.54555683
       2.39000000,       0.54968512
       2.40000000,       0.55382117
       2.41000000,       0.55796583
       2.42000000,       0.56211860
       2.43000000,       0.56627940
       2.44000000,       0.57044819
       2.45000000,       0.57462492
       2.46000000,       0.57880951
       2.47000000,       0.58300193
       2.48000000,       0.58720211
       2.49000000,       0.59141000
       2.50000000,       0.59562554
       2.51000000,       0.59984869
       2.52000000,       0.60407938
       2.53000000,       0.60831757
       2.54000000,       0.61256277
       2.55000000,       0.61681579
       2.56000000,       0.62107616
       2.57000000,       0.62534381
       2.58000000,       0.62961870
       2.59000000,       0.63390077
       2.60000000,       0.63818998
       2.61000000,       0.64248627
       2.62000000,       0.64678961
       2.63000000,       0.65109993
       2.64000000,       0.65541719
       2.65000000,       0.65974134
       2.66000000,       0.66407233
       2.67000000,       0.66841012
       2.68000000,       0.67275423
       2.69000000,       0.67710547
       2.70000000,       0.68146337
       2.71000000,       0.68582788
       2.72000000,       0.69019895
       2.73000000,       0.69457653
       2.74000000,       0.69896059
       2.75000000,       0.70335108
       2.76000000,       0.70774795
       2.77000000,       0.71215116
       2.78000000,       0.71656067
       2.79000000,       0.72097643
       2.80000000,       0.72539840
       2.81000000,       0.72982654
       2.82000000,       0.73426080
       2.83000000,       0.73870073
       2.84000000,       0.74314711
       2.85000000,       0.74759950
       2.86000000,       0.75205784
       2.87000000,       0.75652211
       2.88000000,       0.76099224
       2.89000000,       0.76546822
       2.90000000,       0.76994999
       2.91000000,       0.77443751
       2.92000000,       0.77893076
       2.93000000,       0.78342968
       2.94000000,       0.78793424
       2.95000000,       0.79244441
       2.96000000,       0.79696013
       2.97000000,       0.80148139
       2.98000000,       0.80600813
       2.99000000,       0.81053991