       0.00000000,       0.00000000
       0.01000000,       0.00000011
       0.02000000,       0.00000023
       0.03000000,       0.00000034
       0.04000000,       0.00000047
       0.05000000,       0.00000059
       0.06000000,       0.00000072
       0.07000000,       0.00000086
       0.08000000,       0.00000100
       0.09000000,       0.00000115
       0.10000000,       0.00000132
       0.11000000,       0.00000149
       0.12000000,       0.00000167
       0.13000000,       0.00000171
       0.14000000,       0.00000191
       0.15000000,       0.00000212
       0.16000000,       0.00000235
       0.17000000,       0.00000240
       0.18000000,       0.00000265
       0.19000000,       0.00000293
       0.20000000,       0.00000299
       0.21000000,       0.00000330
       0.22000000,       0.00000338
       0.23000000,       0.00000374
       0.24000000,       0.00000384
       0.25000000,       0.00000425
       0.26000000,       0.00000438
       0.27000000,       0.00000452
       0.28000000,       0.00000502
       0.29000000,       0.00000522
       0.30000000,       0.00000543
       0.31000000,       0.00000568
       0.32000000,       0.00000595
       0.33000000,       0.00000626
       0.34000000,       0.00000660
       0.35000000,       0.00000698
       0.36000000,       0.00000741
       0.37000000,       0.00000789
       0.38000000,       0.00000843
       0.39000000,       0.00000856
       0.40000000,       0.00000921
       0.41000000,       0.00000945
       0.42000000,       0.00001025
       0.43000000,       0.00001062
       0.44000000,       0.00001106
       0.45000000,       0.00001159
       0.46000000,       0.00001221
       0.47000000,       0.00001293
       0.48000000,       0.00001320
       0.49000000,       0.00001415
       0.50000000,       0.00001465
       0.51000000,       0.00001590
       0.52000000,       0.00001670
       0.53000000,       0.00001768
       0.54000000,       0.00001820
       0.55000000,       0.00001958
       0.56000000,       0.00002053
       0.57000000,       0.00002174
       0.58000000,       0.00002325
       0.59000000,       0.00002437
       0.60000000,       0.00002586
       0.61000000,       0.00002775
       0.62000000,       0.00002937
       0.63000000,       0.00003151
       0.64000000,       0.00003348
       0.65000000,       0.00003614
       0.66000000,       0.00003880
       0.67000000,       0.00004158
       0.68000000,       0.00004542
       0.69000000,       0.00004890
       0.70000000,       0.00005388
       0.71000000,       0.00005898
       0.72000000,       0.00006544
       0.73000000,       0.00007376
       0.74000000,       0.00008287
       0.75000000,       0.00009455
       0.76000000,       0.00010918
       0.77000000,       0.00012951
       0.78000000,       0.00015733
       0.79000000,       0.00019753
       0.80000000,       0.00026049
       0.81000000,       0.00036140
       0.82000000,       0.00051470
       0.83000000,       0.00070987
       0.84000000,       0.00091935
       0.85000000,       0.00113182
       0.86000000,       0.00134292
       0.87000000,       0.00155640
       0.88000000,       0.00177273
       0.89000000,       0.00199239
       0.90000000,       0.00221676
       0.91000000,       0.00244795
       0.92000000,       0.00268446
       0.93000000,       0.00292743
       0.94000000,       0.00317798
       0.95000000,       0.00343547
       0.96000000,       0.00370018
       0.97000000,       0.00397327
       0.98000000,       0.00425504
       0.99000000,       0.00454502
       1.00000000,       0.00484442
       1.01000000,       0.00515282
       1.02000000,       0.00547147
       1.03000000,       0.00580083
       1.04000000,       0.00614135
       1.05000000,       0.00649266
       1.06000000,       0.00685605
       1.07000000,       0.00723284
       1.08000000,       0.00762185
       1.09000000,       0.00802439
       1.10000000,       0.00844010
       1.11000000,       0.00887112
       1.12000000,       0.00931711
       1.13000000,       0.00977771
       1.14000000,       0.01025503
       1.15000000,       0.01074792
       1.16000000,       0.01125848
       1.17000000,       0.01178553
       1.18000000,       0.01233118
       1.19000000,       0.01289426
       1.20000000,       0.01347686
       1.21000000,       0.01407780
       1.22000000,       0.01469917
       1.23000000,       0.01533980
       1.24000000,       0.01600176
       1.25000000,       0.01668388
       1.26000000,       0.01738823
       1.27000000,       0.01811362
       1.28000000,       0.01886211
       1.29000000,       0.01963252
       1.30000000,       0.02042688
       1.31000000,       0.02124400
       1.32000000,       0.02208591
       1.33000000,       0.02295221
       1.34000000,       0.02384329
       1.35000000,       0.02475872
       1.36000000,       0.02570050
       1.37000000,       0.02666818
       1.38000000,       0.02766212
       1.39000000,       0.02868265
       1.40000000,       0.02973010
       1.41000000,       0.03080479
       1.42000000,       0.03190700
       1.43000000,       0.03303702
       1.44000000,       0.03419513
       1.45000000,       0.03538157
       1.46000000,       0.03659658
       1.47000000,       0.03784118
       1.48000000,       0.03911398
       1.49000000,       0.04041597
       1.50000000,       0.04174734
       1.51000000,       0.04310901
       1.52000000,       0.04449957
       1.53000000,       0.04592071
       1.54000000,       0.04737098
       1.55000000,       0.04885205
       1.56000000,       0.05036244
       1.57000000,       0.05190379
       1.58000000,       0.05347538
       1.59000000,       0.05507646
       1.60000000,       0.05670864
       1.61000000,       0.05837116
       1.62000000,       0.06006403
       1.63000000,       0.06178646
       1.64000000,       0.06354002
       1.65000000,       0.06532390
       1.66000000,       0.06713807
       1.67000000,       0.06898249
       1.68000000,       0.07085711
       1.69000000,       0.07276189
       1.70000000,       0.07469675
       1.71000000,       0.07666086
       1.72000000,       0.07865569
       1.73000000,       0.08068038
       1.74000000,       0.08273484
       1.75000000,       0.08481898
       1.76000000,       0.08693348
       1.77000000,       0.08907668
       1.78000000,       0.09124925
       1.79000000,       0.09345108
       1.80000000,       0.09568206
       1.81000000,       0.09794205
       1.82000000,       0.10023095
       1.83000000,       0.10254862
       1.84000000,       0.10489494
       1.85000000,       0.10726977
       1.86000000,       0.10967297
       1.87000000,       0.11210442
       1.88000000,       0.11456396
       1.89000000,       0.11705221
       1.90000000,       0.11956751
       1.91000000,       0.12211047
       1.92000000,       0.12468095
       1.93000000,       0.12727879
       1.94000000,       0.12990383
       1.95000000,       0.13255593
       1.96000000,       0.13523493
       1.97000000,       0.13794066
       1.98000000,       0.14067371
       1.99000000,       0.14343243
       2.00000000,       0.14621741
       2.01000000,       0.14902848
       2.02000000,       0.15186547
       2.03000000,       0.15472822
       2.04000000,       0.15761656
       2.05000000,       0.16053033
       2.06000000,       0.16346934
       2.07000000,       0.16643417
       2.08000000,       0.16942318
       2.09000000,       0.17243693
       2.10000000,       0.17547524
       2.10999991,       0.17853772
       2.11999991,       0.18162454
       2.12999992,       0.18473613
       2.13999992,       0.18787086
       2.14999993,       0.19102929
       2.15999993,       0.19421124
       2.16999994,       0.19741725
       2.17999994,       0.20064571
       2.18999995,       0.20389717
       2.19999995,       0.20717145
       2.20999996,       0.21046908
       2.21999996,       0.21378846
       2.22999997,       0.21713013
       2.23999997,       0.22049391
       2.24999998,       0.22387964
       2.25999998,       0.22728783
       2.26999999,       0.23071690
       2.27999999,       0.23416738
       2.29000000,       0.23763911
       2.29999995,       0.24113257
       2.30999995,       0.24464624
       2.31999995,       0.24818062
       2.32999995,       0.25173554
       2.33999996,       0.25531152
       2.34999996,       0.25890700
       2.35999996,       0.26252250
       2.36999996,       0.26615786
       2.37999996,       0.26981358
       2.38999996,       0.27348812
       2.39999996,       0.27718199
       2.40999996,       0.28089504
       2.41999996,       0.28462777
       2.42999996,       0.28837865
       2.43999996,       0.29214819
       2.44999996,       0.29593691
       2.45999996,       0.29974327
       2.46999996,       0.30356780
       2.47999996,       0.30741034
       2.48999997,       0.31127138
       2.49999997,       0.31514943
       2.50999997,       0.31904498
       2.51999997,       0.32295856
       2.52999997,       0.32688865
       2.53999997,       0.33083577
       2.54999997,       0.33480043
       2.55999997,       0.33878114
       2.56999997,       0.34277840
       2.57999997,       0.34679272
       2.58999997,       0.35082261
       2.59999997,       0.35486926
       2.60999997,       0.35893118
       2.61999997,       0.36300954
       2.62999997,       0.36710286
       2.63999998,       0.37121232
       2.64999998,       0.37533645
       2.65999998,       0.37947641
       2.66999998,       0.38363074
       2.67999998,       0.38780061
       2.68999998,       0.39198456
       2.69999998,       0.39618374
       2.70999998,       0.40039737
       2.71999998,       0.40462529
       2.72999998,       0.40886671
       2.73999998,       0.41312278
       2.74999998,       0.41739273
       2.75999998,       0.42167639
       2.76999998,       0.42597363
       2.77999999,       0.43028431
       2.78999999,       0.43460893
       2.79999999,       0.43894605
       2.80999999,       0.44329618
       2.81999999,       0.44765981
       2.82999999,       0.45203615
       2.83999999,       0.45642506
       2.84999999,       0.46082636
       2.85999999,       0.46524053
       2.86999999,       0.46966674
       2.87999999,       0.47410479
       2.88999999,       0.47855567
       2.89999999,       0.48301777
       2.90999999,       0.48749178
       2.91999999,       0.49197776
       2.93000000,       0.49647547
       2.94000000,       0.50095204
       2.95000000,       0.50547258
       2.96000000,       0.51000404
       2.97000000,       0.51454721
       2.98000000,       0.51910054
       2.99000000,       0.52366505