       0.00000000,       0.00000000
       0.01000000,       0.00000594
       0.02000000,       0.00001201
       0.03000000,       0.00001825
       0.04000000,       0.00002466
       0.05000000,       0.00003124
       0.06000000,       0.00003800
       0.07000000,       0.00004495
       0.08000000,       0.00005210
       0.09000000,       0.00005945
       0.10000000,       0.00006701
       0.11000000,       0.00007479
       0.12000000,       0.00008281
       0.13000000,       0.00009106
       0.14000000,       0.00009957
       0.15000000,       0.00010835
       0.16000000,       0.00011739
       0.17000000,       0.00012673
       0.18000000,       0.00013636
       0.19000000,       0.00014631
       0.20000000,       0.00015659
       0.21000000,       0.00016722
       0.22000000,       0.00017820
       0.23000000,       0.00018957
       0.24000000,       0.00020133
       0.25000000,       0.00021350
       0.26000000,       0.00022612
       0.27000000,       0.00023919
       0.28000000,       0.00025274
       0.29000000,       0.00026679
       0.30000000,       0.00028138
       0.31000000,       0.00029652
       0.32000000,       0.00031224
       0.33000000,       0.00032858
       0.34000000,       0.00034557
       0.35000000,       0.00036323
       0.36000000,       0.00038161
       0.37000000,       0.00040074
       0.38000000,       0.00042065
       0.39000000,       0.00044140
       0.40000000,       0.00046303
       0.41000000,       0.00048557
       0.42000000,       0.00050908
       0.43000000,       0.00053361
       0.44000000,       0.00055922
       0.45000000,       0.00058595
       0.46000000,       0.00061387
       0.47000000,       0.00064305
       0.48000000,       0.00067354
       0.49000000,       0.00070541
       0.50000000,       0.00073875
       0.51000000,       0.00077361
       0.52000000,       0.00081070
       0.53000000,       0.00084977
       0.54000000,       0.00089079
       0.55000000,       0.00093380
       0.56000000,       0.00097889
       0.57000000,       0.00102615
       0.58000000,       0.00107571
       0.59000000,       0.00112767
       0.60000000,       0.00118217
       0.61000000,       0.00123933
       0.62000000,       0.00129930
       0.63000000,       0.00136287
       0.64000000,       0.00142910
       0.65000000,       0.00149845
       0.66000000,       0.00157118
       0.67000000,       0.00164819
       0.68000000,       0.00172851
       0.69000000,       0.00181267
       0.70000000,       0.00190170
       0.71000000,       0.00199462
       0.72000000,       0.00209276
       0.73000000,       0.00219595
       0.74000000,       0.00230361
       0.75000000,       0.00241726
       0.76000000,       0.00253675
       0.77000000,       0.00266158
       0.78000000,       0.00279332
       0.79000000,       0.00293189
       0.80000000,       0.00307753
       0.81000000,       0.00323061
       0.82000000,       0.00339151
       0.83000000,       0.00356066
       0.84000000,       0.00373849
       0.85000000,       0.00392545
       0.86000000,       0.00412278
       0.87000000,       0.00432958
       0.88000000,       0.00454688
       0.89000000,       0.00477605
       0.90000000,       0.00501623
       0.91000000,       0.00526851
       0.92000000,       0.00553432
       0.93000000,       0.00581278
       0.94000000,       0.00610582
       0.95000000,       0.00641264
       0.96000000,       0.00673519
       0.97000000,       0.00707267
       0.98000000,       0.00742625
       0.99000000,       0.00779739
       1.00000000,       0.00818518
       1.01000000,       0.00859162
       1.02000000,       0.00901585
       1.03000000,       0.00945909
       1.04000000,       0.00992280
       1.05000000,       0.01040605
       1.06000000,       0.01091006
       1.07000000,       0.01143549
       1.08000000,       0.01198294
       1.09000000,       0.01255301
       1.10000000,       0.01314627
       1.11000000,       0.01376333
       1.12000000,       0.01440479
       1.13000000,       0.01507124
       1.14000000,       0.01576326
       1.15000000,       0.01648144
       1.16000000,       0.01722636
       1.17000000,       0.01799858
       1.18000000,       0.01879788
       1.19000000,       0.01962636
       1.20000000,       0.02048383
       1.21000000,       0.02136997
       1.22000000,       0.02228685
       1.23000000,       0.02323342
       1.24000000,       0.02421167
       1.25000000,       0.02522052
       1.26000000,       0.02626111
       1.27000000,       0.02733387
       1.28000000,       0.02843998
       1.29000000,       0.02957823
       1.30000000,       0.03074966
       1.31000000,       0.03195461
       1.32000000,       0.03319336
       1.33000000,       0.03446617
       1.34000000,       0.03577326
       1.35000000,       0.03711404
       1.36000000,       0.03849027
       1.37000000,       0.03990138
       1.38000000,       0.04134668
       1.39000000,       0.04282786
       1.40000000,       0.04434429
       1.41000000,       0.04589524
       1.42000000,       0.04748233
       1.43000000,       0.04910409
       1.44000000,       0.05076130
       1.45000000,       0.05245480
       1.46000000,       0.05418303
       1.47000000,       0.05594675
       1.48000000,       0.05774673
       1.49000000,       0.05958139
       1.50000000,       0.06145144
       1.51000000,       0.06335685
       1.52000000,       0.06529755
       1.53000000,       0.06727347
       1.54000000,       0.06928451
       1.55000000,       0.07133060
       1.56000000,       0.07341162
       1.57000000,       0.07552747
       1.58000000,       0.07767803
       1.59000000,       0.07986318
       1.60000000,       0.08208278
       1.61000000,       0.08433670
       1.62000000,       0.08662479
       1.63000000,       0.08894691
       1.64000000,       0.09130290
       1.65000000,       0.09369260
       1.66000000,       0.09611510
       1.67000000,       0.09857173
       1.68000000,       0.10106159
       1.69000000,       0.10358449
       1.70000000,       0.10614025
       1.71000000,       0.10872793
       1.72000000,       0.11134887
       1.73000000,       0.11400212
       1.74000000,       0.11668750
       1.75000000,       0.11940407
       1.76000000,       0.12215311
       1.77000000,       0.12493371
       1.78000000,       0.12774491
       1.79000000,       0.13058800
       1.80000000,       0.13346205
       1.81000000,       0.13636610
       1.82000000,       0.13930142
       1.83000000,       0.14226709
       1.84000000,       0.14526289
       1.85000000,       0.14828787
       1.86000000,       0.15134329
       1.87000000,       0.15442821
       1.88000000,       0.15754169
       1.89000000,       0.16068497
       1.90000000,       0.16385711
       1.91000000,       0.16705716
       1.92000000,       0.17028636
       1.93000000,       0.17354305
       1.94000000,       0.17682845
       1.95000000,       0.18014162
       1.96000000,       0.18348162
       1.97000000,       0.18684966
       1.98000000,       0.19024482
       1.99000000,       0.19366614
       2.00000000,       0.19711483
       2.01000000,       0.20058996
       2.02000000,       0.20409060
       2.03000000,       0.20761793
       2.04000000,       0.21117032
       2.05000000,       0.21474896
       2.06000000,       0.21835292
       2.07000000,       0.22198126
       2.08000000,       0.22563518
       2.09000000,       0.22931373
       2.10000000,       0.23301601
       2.11000000,       0.23674317
       2.12000000,       0.24049361
       2.13000000,       0.24426848
       2.14000000,       0.24806688
       2.15000000,       0.25188788
       2.16000000,       0.25573265
       2.17000000,       0.25960026
       2.18000000,       0.26348982
       2.19000000,       0.26740248
       2.20000000,       0.27133663
       2.21000000,       0.27529344
       2.22000000,       0.27927199
       2.23000000,       0.28327140
       2.24000000,       0.28729279
       2.25000000,       0.29133528
       2.26000000,       0.29539797
       2.27000000,       0.29948199
       2.28000000,       0.30358647
       2.29000000,       0.30771051
       2.30000000,       0.31185524
       2.31000000,       0.31601912
       2.32000000,       0.32020327
       2.33000000,       0.32440681
       2.34000000,       0.32862887
       2.35000000,       0.33287057
       2.36000000,       0.33713104
       2.37000000,       0.34140943
       2.38000000,       0.34570684
       2.39000000,       0.35002241
       2.40000000,       0.35435529
       2.41000000,       0.35870659
       2.42000000,       0.36307480
       2.43000000,       0.36746103
       2.44000000,       0.37186444
       2.45000000,       0.37628418
       2.46000000,       0.38072136
       2.47000000,       0.38517514
       2.48000000,       0.38964468
       2.49000000,       0.39413108
       2.50000000,       0.39863352
       2.51000000,       0.40315116
       2.52000000,       0.40768511
       2.53000000,       0.41223454
       2.54000000,       0.41679863
       2.55000000,       0.42137849
       2.56000000,       0.42597328
       2.57000000,       0.43058221
       2.58000000,       0.43520636
       2.59000000,       0.43984493
       2.60000000,       0.44449712
       2.61000000,       0.44916401
       2.62000000,       0.45384481
       2.63000000,       0.45853872
       2.64000000,       0.46324683
       2.65000000,       0.46796835
       2.66000000,       0.47270249
       2.67000000,       0.47745034
       2.68000000,       0.48221112
       2.69000000,       0.48698403
       2.70000000,       0.49177018
       2.71000000,       0.49656878
       2.72000000,       0.50137906
       2.73000000,       0.50620210
       2.74000000,       0.51103714
       2.75000000,       0.51588341
       2.76000000,       0.52074199
       2.77000000,       0.52561212
       2.78000000,       0.53049365
       2.79000000,       0.53538584
       2.80000000,       0.54028976
       2.81000000,       0.54520465
       2.82000000,       0.55012977
       2.83000000,       0.55506620
       2.84000000,       0.56001320
       2.85000000,       0.56497002
       2.86000000,       0.56993774
       2.87000000,       0.57491562
       2.88000000,       0.57990353
       2.89000000,       0.58490075
       2.90000000,       0.58990833
       2.91000000,       0.59492556
       2.92000000,       0.59995172
       2.93000000,       0.60498787
       2.94000000,       0.61003329
       2.95000000,       0.61508786
       2.96000000,       0.62015089
       2.97000000,       0.62522340
       2.98000000,       0.63030472
       2.99000000,       0.63539413