    0.0000    0.0000    0.0000 -0.30649602E+01  0.36649602E+01
    0.0314    0.0000    0.0000 -0.30645455E+01  0.36645455E+01
    0.0628    0.0000    0.0000 -0.30633015E+01  0.36633015E+01
    0.0942    0.0000    0.0000 -0.30612285E+01  0.36612285E+01
    0.1256    0.0000    0.0000 -0.30583270E+01  0.36583270E+01
    0.1570    0.0000    0.0000 -0.30545977E+01  0.36545977E+01
    0.1884    0.0000    0.0000 -0.30500415E+01  0.36500415E+01
    0.2198    0.0000    0.0000 -0.30446596E+01  0.36446596E+01
    0.2512    0.0000    0.0000 -0.30384534E+01  0.36384534E+01
    0.2826    0.0000    0.0000 -0.30314242E+01  0.36314242E+01
    0.3140    0.0000    0.0000 -0.30235739E+01  0.36235739E+01
    0.3454    0.0000    0.0000 -0.30149043E+01  0.36149043E+01
    0.3768    0.0000    0.0000 -0.30054177E+01  0.36054177E+01
    0.4082    0.0000    0.0000 -0.29951164E+01  0.35951164E+01
    0.4396    0.0000    0.0000 -0.29840029E+01  0.35840029E+01
    0.4710    0.0000    0.0000 -0.29720799E+01  0.35720799E+01
    0.5024    0.0000    0.0000 -0.29593504E+01  0.35593504E+01
    0.5338    0.0000    0.0000 -0.29458175E+01  0.35458175E+01
    0.5652    0.0000    0.0000 -0.29314846E+01  0.35314846E+01
    0.5966    0.0000    0.0000 -0.29163551E+01  0.35163551E+01
    0.6280    0.0000    0.0000 -0.29004329E+01  0.35004329E+01
    0.6594    0.0000    0.0000 -0.28837218E+01  0.34837218E+01
    0.6908    0.0000    0.0000 -0.28662260E+01  0.34662260E+01
    0.7222    0.0000    0.0000 -0.28479497E+01  0.34479497E+01
    0.7536    0.0000    0.0000 -0.28288976E+01  0.34288976E+01
    0.7850    0.0000    0.0000 -0.28090742E+01  0.34090742E+01
    0.8164    0.0000    0.0000 -0.27884844E+01  0.33884844E+01
    0.8478    0.0000    0.0000 -0.27671334E+01  0.33671334E+01
    0.8792    0.0000    0.0000 -0.27450264E+01  0.33450264E+01
    0.9106    0.0000    0.0000 -0.27221688E+01  0.33221688E+01
    0.9420    0.0000    0.0000 -0.26985664E+01  0.32985664E+01
    0.9734    0.0000    0.0000 -0.26742248E+01  0.32742248E+01
    1.0048    0.0000    0.0000 -0.26491501E+01  0.32491501E+01
    1.0362    0.0000    0.0000 -0.26233485E+01  0.32233485E+01
    1.0676    0.0000    0.0000 -0.25968263E+01  0.31968263E+01
    1.0990    0.0000    0.0000 -0.25695901E+01  0.31695901E+01
    1.1304    0.0000    0.0000 -0.25416466E+01  0.31416466E+01
    1.1618    0.0000    0.0000 -0.25130027E+01  0.31130027E+01
    1.1932    0.0000    0.0000 -0.24836654E+01  0.30836654E+01
    1.2246    0.0000    0.0000 -0.24536420E+01  0.30536420E+01
    1.2560    0.0000    0.0000 -0.24229399E+01  0.30229399E+01
    1.2874    0.0000    0.0000 -0.23915666E+01  0.29915666E+01
    1.3188    0.0000    0.0000 -0.23595298E+01  0.29595298E+01
    1.3502    0.0000    0.0000 -0.23268375E+01  0.29268375E+01
    1.3816    0.0000    0.0000 -0.22934978E+01  0.28934978E+01
    1.4130    0.0000    0.0000 -0.22595188E+01  0.28595188E+01
    1.4444    0.0000    0.0000 -0.22249089E+01  0.28249089E+01
    1.4758    0.0000    0.0000 -0.21896766E+01  0.27896766E+01
    1.5072    0.0000    0.0000 -0.21538307E+01  0.27538307E+01
    1.5386    0.0000    0.0000 -0.21173800E+01  0.27173800E+01
    1.5700    0.0000    0.0000 -0.20803334E+01  0.26803334E+01
    1.6014    0.0000    0.0000 -0.20427001E+01  0.26427001E+01
    1.6328    0.0000    0.0000 -0.20044893E+01  0.26044893E+01
    1.6642    0.0000    0.0000 -0.19657105E+01  0.25657105E+01
    1.6956    0.0000    0.0000 -0.19263733E+01  0.25263733E+01
    1.7270    0.0000    0.0000 -0.18864873E+01  0.24864873E+01
    1.7584    0.0000    0.0000 -0.18460624E+01  0.24460624E+01
    1.7898    0.0000    0.0000 -0.18051085E+01  0.24051085E+01
    1.8212    0.0000    0.0000 -0.17636357E+01  0.23636357E+01
    1.8526    0.0000    0.0000 -0.17216542E+01  0.23216542E+01
    1.8840    0.0000    0.0000 -0.16791745E+01  0.22791745E+01
    1.9154    0.0000    0.0000 -0.16362069E+01  0.22362069E+01
    1.9468    0.0000    0.0000 -0.15927620E+01  0.21927620E+01
    1.9782    0.0000    0.0000 -0.15488507E+01  0.21488507E+01
    2.0096    0.0000    0.0000 -0.15044836E+01  0.21044836E+01
    2.0410    0.0000    0.0000 -0.14596717E+01  0.20596717E+01
    2.0724    0.0000    0.0000 -0.14144261E+01  0.20144261E+01
    2.1038    0.0000    0.0000 -0.13687580E+01  0.19687580E+01
    2.1352    0.0000    0.0000 -0.13226785E+01  0.19226785E+01
    2.1666    0.0000    0.0000 -0.12761990E+01  0.18761990E+01
    2.1980    0.0000    0.0000 -0.12293310E+01  0.18293310E+01
    2.2294    0.0000    0.0000 -0.11820861E+01  0.17820861E+01
    2.2608    0.0000    0.0000 -0.11344758E+01  0.17344758E+01
    2.2922    0.0000    0.0000 -0.10865120E+01  0.16865120E+01
    2.3236    0.0000    0.0000 -0.10382064E+01  0.16382064E+01
    2.3550    0.0000    0.0000 -0.98957102E+00  0.15895710E+01
    2.3864    0.0000    0.0000 -0.94061774E+00  0.15406177E+01
    2.4178    0.0000    0.0000 -0.89135866E+00  0.14913587E+01
    2.4492    0.0000    0.0000 -0.84180593E+00  0.14418059E+01
    2.4806    0.0000    0.0000 -0.79197177E+00  0.13919718E+01
    2.5120    0.0000    0.0000 -0.74186845E+00  0.13418684E+01
    2.5434    0.0000    0.0000 -0.69150832E+00  0.12915083E+01
    2.5748    0.0000    0.0000 -0.64090380E+00  0.12409038E+01
    2.6062    0.0000    0.0000 -0.59006737E+00  0.11900674E+01
    2.6376    0.0000    0.0000 -0.53901154E+00  0.11390115E+01
    2.6690    0.0000    0.0000 -0.48774891E+00  0.10877489E+01
    2.7004    0.0000    0.0000 -0.43629212E+00  0.10362921E+01
    2.7318    0.0000    0.0000 -0.38465384E+00  0.98465384E+00
    2.7632    0.0000    0.0000 -0.33284680E+00  0.93284680E+00
    2.7946    0.0000    0.0000 -0.28088377E+00  0.88088377E+00
    2.8260    0.0000    0.0000 -0.22877757E+00  0.82877757E+00
    2.8574    0.0000    0.0000 -0.17654103E+00  0.77654103E+00
    2.8888    0.0000    0.0000 -0.12418703E+00  0.72418703E+00
    2.9202    0.0000    0.0000 -0.71728475E-01  0.67172847E+00
    2.9516    0.0000    0.0000 -0.19178293E-01  0.61917829E+00
    2.9830    0.0000    0.0000  0.33450560E-01  0.56654944E+00
    3.0144    0.0000    0.0000  0.86145115E-01  0.51385489E+00
    3.0458    0.0000    0.0000  0.13889238E+00  0.46110762E+00
    3.0772    0.0000    0.0000  0.19167936E+00  0.40832064E+00
    3.1086    0.0000    0.0000  0.24449303E+00  0.35550697E+00
    3.1400    0.0000    0.0000  0.29732039E+00  0.30267961E+00
