      -3.20727665       2.00000000
      -3.19119855       6.00000000
      -3.19119855      14.00000000
      -3.17512045      30.00000000
      -3.17512045      38.00000000
      -3.15904236      54.00000000
      -3.14366695      66.00000000
      -3.12758885      90.00000000
      -3.12758885     114.00000000
      -3.11151076     162.00000000
      -3.08005725     186.00000000
      -3.06675920     188.00000000
      -3.06675920     198.00000000
      -3.06397916     246.00000000
      -3.05068111     274.00000000
      -3.05068111     294.00000000
      -3.03460301     342.00000000
      -3.01644755     358.00000000
      -3.00314951     370.00000000
      -3.00314951     406.00000000
      -2.98707141     502.00000000
      -2.96383655     508.00000000
      -2.96383655     514.00000000
      -2.94775845     526.00000000
      -2.94775845     554.00000000
      -2.94775845     562.00000000
      -2.93953981     586.00000000
      -2.93953981     610.00000000
      -2.93168036     634.00000000
      -2.93168036     650.00000000
      -2.93168036     658.00000000
      -2.92624176     668.00000000
      -2.92624176     680.00000000
      -2.92624176     682.00000000
      -2.91016366     730.00000000
      -2.90022685     754.00000000
      -2.90022685     778.00000000
      -2.88414876     802.00000000
      -2.88414876     818.00000000
      -2.88414876     850.00000000
      -2.88414876     874.00000000
      -2.86263206     910.00000000
      -2.86263206     922.00000000
      -2.83939721     928.00000000
      -2.83939721     934.00000000
      -2.83661716     942.00000000
      -2.83661716     958.00000000
      -2.83661716     982.00000000
      -2.82331911    1000.00000000
      -2.82331911    1054.00000000
      -2.82331911    1078.00000000
      -2.80724101    1134.00000000
      -2.80724101    1142.00000000
      -2.80724101    1194.00000000
      -2.80724101    1222.00000000
      -2.78572432    1236.00000000
      -2.78572432    1238.00000000
      -2.77578751    1242.00000000
      -2.77578751    1262.00000000
      -2.77578751    1286.00000000
      -2.75970941    1330.00000000
      -2.75970941    1350.00000000
      -2.75970941    1418.00000000
      -2.75970941    1478.00000000
      -2.72039646    1480.00000000
      -2.72039646    1484.00000000
      -2.72039646    1496.00000000
      -2.72039646    1500.00000000
      -2.72039646    1502.00000000
      -2.71217781    1514.00000000
      -2.71217781    1526.00000000
      -2.71217781    1550.00000000
      -2.70431836    1570.00000000
      -2.70431836    1582.00000000
      -2.70431836    1594.00000000
      -2.70431836    1598.00000000
      -2.69887976    1604.00000000
      -2.69887976    1642.00000000
      -2.69887976    1658.00000000
      -2.68280167    1704.00000000
      -2.68280167    1740.00000000
      -2.68280167    1816.00000000
      -2.68280167    1850.00000000
      -2.66672357    1882.00000000
      -2.66672357    1898.00000000
      -2.65678676    1910.00000000
      -2.65678676    1914.00000000
      -2.65678676    1934.00000000
      -2.65678676    1946.00000000
      -2.63527007    1962.00000000
      -2.63527007    1988.00000000
      -2.63527007    2054.00000000
      -2.63527007    2090.00000000
      -2.61919197    2134.00000000
      -2.61919197    2186.00000000
      -2.59595711    2196.00000000
      -2.59595711    2198.00000000
      -2.59595711    2222.00000000
      -2.59595711    2230.00000000
      -2.59595711    2234.00000000
      -2.57987901    2294.00000000
      -2.57987901    2324.00000000
      -2.57987901    2366.00000000
      -2.57987901    2378.00000000
      -2.57166037    2416.00000000
      -2.57166037    2426.00000000
      -2.55836232    2440.00000000
      -2.55836232    2464.00000000
      -2.55836232    2510.00000000
      -2.55836232    2522.00000000
      -2.54842551    2526.00000000
      -2.54842551    2528.00000000
      -2.54842551    2534.00000000
      -2.54228422    2586.00000000
      -2.54228422    2630.00000000
      -2.53234741    2634.00000000
      -2.53234741    2678.00000000
      -2.53234741    2718.00000000
      -2.53234741    2758.00000000
      -2.53234741    2774.00000000
      -2.51626932    2782.00000000
      -2.51626932    2790.00000000
      -2.51626932    2822.00000000
      -2.49475262    2844.00000000
      -2.49475262    2902.00000000
      -2.49475262    2918.00000000
      -2.48481581    2942.00000000
      -2.48481581    2966.00000000
      -2.47695636    2968.00000000
      -2.47695636    2974.00000000
      -2.47695636    2976.00000000
      -2.47695636    2982.00000000
      -2.47151776    2988.00000000
      -2.47151776    3000.00000000
      -2.47151776    3004.00000000
      -2.47151776    3006.00000000
      -2.46873772    3010.00000000
      -2.46873772    3034.00000000
      -2.46873772    3082.00000000
      -2.46873772    3102.00000000
      -2.45543967    3106.00000000
      -2.45543967    3174.00000000
      -2.45543967    3226.00000000
      -2.45543967    3290.00000000
      -2.45543967    3294.00000000
      -2.43936157    3318.00000000
      -2.43936157    3370.00000000
      -2.43936157    3390.00000000
      -2.42120612    3414.00000000
      -2.42120612    3428.00000000
      -2.42120612    3438.00000000
      -2.41784488    3456.00000000
      -2.41784488    3480.00000000
      -2.41784488    3486.00000000
      -2.40790807    3488.00000000
      -2.40790807    3522.00000000
      -2.40790807    3550.00000000
      -2.40790807    3578.00000000
      -2.40790807    3582.00000000
      -2.39461002    3586.00000000
      -2.39461002    3588.00000000
      -2.39461002    3594.00000000
      -2.39182997    3602.00000000
      -2.39182997    3622.00000000
      -2.39182997    3728.00000000
      -2.39182997    3780.00000000
      -2.39182997    3786.00000000
      -2.37853192    3790.00000000
      -2.37853192    3810.00000000
      -2.37853192    3822.00000000
      -2.37853192    3834.00000000
      -2.36245383    3842.00000000
      -2.36245383    3850.00000000
      -2.36245383    3882.00000000
      -2.35251702    3888.00000000
      -2.35251702    3906.00000000
      -2.35251702    3916.00000000
      -2.35251702    3930.00000000
      -2.34429837    3932.00000000
      -2.34429837    3942.00000000
      -2.34429837    3992.00000000
      -2.34429837    4010.00000000
      -2.34429837    4026.00000000
      -2.33100032    4088.00000000
      -2.33100032    4130.00000000
      -2.33100032    4168.00000000
      -2.33100032    4170.00000000
      -2.31492223    4246.00000000
      -2.31492223    4402.00000000
      -2.31492223    4452.00000000
      -2.31492223    4458.00000000
      -2.30498541    4466.00000000
      -2.30498541    4486.00000000
      -2.30498541    4494.00000000
      -2.30498541    4506.00000000
      -2.28890732    4518.00000000
      -2.28890732    4530.00000000
      -2.28890732    4542.00000000
      -2.28890732    4590.00000000
      -2.28890732    4602.00000000
      -2.26739062    4616.00000000
      -2.26739062    4726.00000000
      -2.26739062    4786.00000000
      -2.26739062    4794.00000000
      -2.25409258    4798.00000000
      -2.25409258    4818.00000000
      -2.25409258    4842.00000000
      -2.24415577    4854.00000000
      -2.24137572    4858.00000000
      -2.24137572    4884.00000000
      -2.24137572    4926.00000000
      -2.24137572    4948.00000000
      -2.24137572    4950.00000000
      -2.23801448    4982.00000000
      -2.23801448    5046.00000000
      -2.22807767    5052.00000000
      -2.22807767    5086.00000000
      -2.22807767    5132.00000000
      -2.22807767    5142.00000000
      -2.21199957    5154.00000000
      -2.21199957    5226.00000000
      -2.21199957    5238.00000000
      -2.19048288    5266.00000000
      -2.19048288    5394.00000000
      -2.19048288    5452.00000000
      -2.19048288    5454.00000000
      -2.18054607    5468.00000000
      -2.18054607    5496.00000000
      -2.18054607    5538.00000000
      -2.18054607    5550.00000000
      -2.17440478    5574.00000000
      -2.17440478    5598.00000000
      -2.16446797    5604.00000000
      -2.16446797    5636.00000000
      -2.16446797    5662.00000000
      -2.16446797    5848.00000000
      -2.16446797    5884.00000000
      -2.16446797    5886.00000000
      -2.15116992    5892.00000000
      -2.15116992    5922.00000000
      -2.15116992    5934.00000000
      -2.13509183    5938.00000000
      -2.13509183    5958.00000000
      -2.13509183    5978.00000000
      -2.13509183    6030.00000000
      -2.12687318    6078.00000000
      -2.11693637    6094.00000000
      -2.11693637    6108.00000000
      -2.11693637    6180.00000000
      -2.11693637    6220.00000000
      -2.11693637    6222.00000000
      -2.11357513    6232.00000000
      -2.11357513    6264.00000000
      -2.11357513    6270.00000000
      -2.10363832    6272.00000000
      -2.10363832    6288.00000000
      -2.10363832    6340.00000000
      -2.10363832    6346.00000000
      -2.08756023    6350.00000000
      -2.08756023    6400.00000000
      -2.08756023    6642.00000000
      -2.08756023    6682.00000000
      -2.07148213    6714.00000000
      -2.07148213    6730.00000000
      -2.06154532    6732.00000000
      -2.06154532    6738.00000000
      -2.06154532    6756.00000000
      -2.06154532    6772.00000000
      -2.06154532    6778.00000000
      -2.04996544    6784.00000000
      -2.04996544    6826.00000000
      -2.04002863    6828.00000000
      -2.04002863    6846.00000000
      -2.04002863    6872.00000000
      -2.04002863    7048.00000000
      -2.04002863    7112.00000000
      -2.04002863    7114.00000000
      -2.02673058    7128.00000000
      -2.02673058    7150.00000000
      -2.02673058    7162.00000000
      -2.02395053    7210.00000000
      -2.02395053    7226.00000000
      -2.02395053    7354.00000000
      -2.01065248    7360.00000000
      -2.01065248    7392.00000000
      -2.01065248    7446.00000000
      -2.01065248    7538.00000000
      -2.01065248    7546.00000000
      -2.00071567    7574.00000000
      -2.00071567    7594.00000000
      -1.98463757    7606.00000000
      -1.98463757    7634.00000000
      -1.98463757    7666.00000000
      -1.98463757    7690.00000000
      -1.97919898    7694.00000000
      -1.97919898    7696.00000000
      -1.97919898    7702.00000000
      -1.97641893    7724.00000000
      -1.97641893    7744.00000000
      -1.97641893    7750.00000000
      -1.97641893    7794.00000000
      -1.97641893    7838.00000000
      -1.97641893    7846.00000000
      -1.96312088    7860.00000000
      -1.96312088    7876.00000000
      -1.96312088    7894.00000000
      -1.96312088    7960.00000000
      -1.96312088    8072.00000000
      -1.96312088    8122.00000000
      -1.96312088    8134.00000000
      -1.94704278    8140.00000000
      -1.94704278    8206.00000000
      -1.94704278    8286.00000000
      -1.94704278    8326.00000000
      -1.93710597    8332.00000000
      -1.93710597    8350.00000000
      -1.93710597    8356.00000000
      -1.93710597    8386.00000000
      -1.93710597    8444.00000000
      -1.93710597    8496.00000000
      -1.93710597    8514.00000000
      -1.93710597    8518.00000000
      -1.91558928    8520.00000000
      -1.91558928    8534.00000000
      -1.91558928    8548.00000000
      -1.91558928    8566.00000000
      -1.90772983    8568.00000000
      -1.90772983    8572.00000000
      -1.90772983    8576.00000000
      -1.90772983    8590.00000000
      -1.90772983    8602.00000000
      -1.90772983    8614.00000000
      -1.89951118    8644.00000000
      -1.89951118    8656.00000000
      -1.89951118    8678.00000000
      -1.89951118    8774.00000000
      -1.89951118    8882.00000000
      -1.89951118    8902.00000000
      -1.88957437    8908.00000000
      -1.88957437    8920.00000000
      -1.88957437    8926.00000000
      -1.88621314    8938.00000000
      -1.88621314    8944.00000000
      -1.88621314    8974.00000000
      -1.88621314    9002.00000000
      -1.88621314    9062.00000000
      -1.88621314    9068.00000000
      -1.88621314    9070.00000000
      -1.87627633    9082.00000000
      -1.87627633    9100.00000000
      -1.87627633    9114.00000000
      -1.87627633    9130.00000000
      -1.87349628    9142.00000000
      -1.87349628    9166.00000000
      -1.87349628    9178.00000000
      -1.87013504    9226.00000000
      -1.87013504    9274.00000000
      -1.86019823    9298.00000000
      -1.86019823    9302.00000000
      -1.86019823    9344.00000000
      -1.86019823    9422.00000000
      -1.86019823    9542.00000000
      -1.86019823    9560.00000000
      -1.86019823    9562.00000000
      -1.85197958    9574.00000000
      -1.85197958    9594.00000000
      -1.85197958    9602.00000000
      -1.85197958    9610.00000000
      -1.84412013    9618.00000000
      -1.84412013    9658.00000000
      -1.84412013    9690.00000000
      -1.84412013    9706.00000000
      -1.84412013    9754.00000000
      -1.83868153    9758.00000000
      -1.83868153    9778.00000000
      -1.83868153    9790.00000000
      -1.83868153    9802.00000000
      -1.82596468    9808.00000000
      -1.82596468    9810.00000000
      -1.82596468    9818.00000000
      -1.82596468    9832.00000000
      -1.82596468    9838.00000000
      -1.82596468    9844.00000000
      -1.82596468    9850.00000000
      -1.82260344    9878.00000000
      -1.82260344    9916.00000000
      -1.82260344    9970.00000000
      -1.82260344   10050.00000000
      -1.82260344   10126.00000000
      -1.82260344   10138.00000000
      -1.81266663   10144.00000000
      -1.81266663   10156.00000000
      -1.81266663   10180.00000000
      -1.81266663   10198.00000000
      -1.81266663   10238.00000000
      -1.81266663   10306.00000000
      -1.81266663   10328.00000000
      -1.81266663   10330.00000000
      -1.79936858   10336.00000000
      -1.79936858   10338.00000000
      -1.79936858   10342.00000000
      -1.79658853   10354.00000000
      -1.79658853   10394.00000000
      -1.79658853   10438.00000000
      -1.79658853   10538.00000000
      -1.79658853   10614.00000000
      -1.79658853   10630.00000000
      -1.78329048   10636.00000000
      -1.78329048   10666.00000000
      -1.78329048   10670.00000000
      -1.78329048   10682.00000000
      -1.78329048   10720.00000000
      -1.78329048   10766.00000000
      -1.78329048   10774.00000000
      -1.77507184   10778.00000000
      -1.77507184   10800.00000000
      -1.77507184   10842.00000000
      -1.77507184   10856.00000000
      -1.77507184   10870.00000000
      -1.76721239   10886.00000000
      -1.76721239   10902.00000000
      -1.76721239   10918.00000000
      -1.75727558   10920.00000000
      -1.75727558   10924.00000000
      -1.75727558   10926.00000000
      -1.75727558   10940.00000000
      -1.75727558   10954.00000000
      -1.75727558   10966.00000000
      -1.75183698   10970.00000000
      -1.75183698   10978.00000000
      -1.74905693   10984.00000000
      -1.74905693   10986.00000000
      -1.74905693   11002.00000000
      -1.74905693   11012.00000000
      -1.74905693   11034.00000000
      -1.74905693   11048.00000000
      -1.74905693   11070.00000000
      -1.74905693   11074.00000000
      -1.74569569   11104.00000000
      -1.74569569   11116.00000000
      -1.74569569   11158.00000000
      -1.74569569   11170.00000000
      -1.73575888   11194.00000000
      -1.73575888   11200.00000000
      -1.73575888   11238.00000000
      -1.73575888   11324.00000000
      -1.73575888   11552.00000000
      -1.73575888   11600.00000000
      -1.73575888   11608.00000000
      -1.71968079   11632.00000000
      -1.71968079   11820.00000000
      -1.71968079   11928.00000000
      -1.71968079   12172.00000000
      -1.71968079   12320.00000000
      -1.71968079   12352.00000000
      -1.70360269   12376.00000000
      -1.69816409   12382.00000000
      -1.69816409   12388.00000000
      -1.69816409   12412.00000000
      -1.69816409   12418.00000000
      -1.69816409   12424.00000000
      -1.68822728   12452.00000000
      -1.68822728   12472.00000000
      -1.68208600   12480.00000000
      -1.68208600   12488.00000000
      -1.67214918   12512.00000000
      -1.67214918   12528.00000000
      -1.67214918   12598.00000000
      -1.67214918   12728.00000000
      -1.67214918   12902.00000000
      -1.67214918   13052.00000000
      -1.67214918   13212.00000000
      -1.67214918   13232.00000000
      -1.65885114   13238.00000000
      -1.65885114   13256.00000000
      -1.65885114   13260.00000000
      -1.65885114   13278.00000000
      -1.65885114   13322.00000000
      -1.65885114   13328.00000000
      -1.65607109   13364.00000000
      -1.65607109   13372.00000000
      -1.65607109   13376.00000000
      -1.64613428   13380.00000000
      -1.64613428   13382.00000000
      -1.64613428   13388.00000000
      -1.64613428   13394.00000000
      -1.64613428   13400.00000000
      -1.64613428   13412.00000000
      -1.64613428   13418.00000000
      -1.64613428   13424.00000000
      -1.64277304   13436.00000000
      -1.64277304   13480.00000000
      -1.64277304   13512.00000000
      -1.64277304   13596.00000000
      -1.64277304   13616.00000000
      -1.63283623   13622.00000000
      -1.63283623   13640.00000000
      -1.63283623   13654.00000000
      -1.63283623   13684.00000000
      -1.63283623   13724.00000000
      -1.63283623   13760.00000000
      -1.62461758   13780.00000000
      -1.62461758   13804.00000000
      -1.62461758   13808.00000000
      -1.61675813   13820.00000000
      -1.61675813   13860.00000000
      -1.61675813   13884.00000000
      -1.61675813   13940.00000000
      -1.61675813   13952.00000000
      -1.61131954   13956.00000000
      -1.61131954   13964.00000000
      -1.61131954   14024.00000000
      -1.61131954   14042.00000000
      -1.61131954   14048.00000000
      -1.60853949   14054.00000000
      -1.60853949   14060.00000000
      -1.60853949   14072.00000000
      -1.59524144   14084.00000000
      -1.59524144   14088.00000000
      -1.59524144   14198.00000000
      -1.59524144   14282.00000000
      -1.59524144   14534.00000000
      -1.59524144   14678.00000000
      -1.59524144   14854.00000000
      -1.59524144   14864.00000000
      -1.58530463   14876.00000000
      -1.58530463   14888.00000000
      -1.58530463   14900.00000000
      -1.58530463   14912.00000000
      -1.58194339   14918.00000000
      -1.58194339   14930.00000000
      -1.58194339   14936.00000000
      -1.57916334   15068.00000000
      -1.57916334   15080.00000000
      -1.56922653   15088.00000000
      -1.56922653   15106.00000000
      -1.56922653   15158.00000000
      -1.56922653   15192.00000000
      -1.56922653   15240.00000000
      -1.56922653   15258.00000000
      -1.56922653   15272.00000000
      -1.56586529   15284.00000000
      -1.56586529   15308.00000000
      -1.56586529   15320.00000000
      -1.55592848   15338.00000000
      -1.55592848   15348.00000000
      -1.55592848   15368.00000000
      -1.54770984   15380.00000000
      -1.54770984   15392.00000000
      -1.54770984   15436.00000000
      -1.54770984   15472.00000000
      -1.54770984   15548.00000000
      -1.54770984   15560.00000000
      -1.53985039   15564.00000000
      -1.53985039   15600.00000000
      -1.53985039   15620.00000000
      -1.53985039   15656.00000000
      -1.53163174   15662.00000000
      -1.53163174   15680.00000000
      -1.53163174   15736.00000000
      -1.53163174   15814.00000000
      -1.53163174   15848.00000000
      -1.52169493   15854.00000000
      -1.52169493   15860.00000000
      -1.52169493   15888.00000000
      -1.52169493   15914.00000000
      -1.52169493   15956.00000000
      -1.52169493   15962.00000000
      -1.52169493   15980.00000000
      -1.52169493   15992.00000000
      -1.51833369   16010.00000000
      -1.51833369   16024.00000000
      -1.51833369   16084.00000000
      -1.51833369   16108.00000000
      -1.51833369   16156.00000000
      -1.51833369   16172.00000000
      -1.51833369   16182.00000000
      -1.51833369   16184.00000000
      -1.50839688   16190.00000000
      -1.50839688   16198.00000000
      -1.50839688   16212.00000000
      -1.50839688   16236.00000000
      -1.50839688   16266.00000000
      -1.50839688   16328.00000000
      -1.49231879   16336.00000000
      -1.49231879   16340.00000000
      -1.49231879   16358.00000000
      -1.49231879   16404.00000000
      -1.49231879   16614.00000000
      -1.49231879   16740.00000000
      -1.49231879   16950.00000000
      -1.49231879   17046.00000000
      -1.49231879   17072.00000000
      -1.47624069   17084.00000000
      -1.47624069   17120.00000000
      -1.47080209   17132.00000000
      -1.47080209   17140.00000000
      -1.47080209   17192.00000000
      -1.47080209   17234.00000000
      -1.47080209   17306.00000000
      -1.47080209   17312.00000000
      -1.45472400   17420.00000000
      -1.45472400   17478.00000000
      -1.45472400   17528.00000000
      -1.44478719   17540.00000000
      -1.44478719   17546.00000000
      -1.44478719   17632.00000000
      -1.44478719   17680.00000000
      -1.44478719   17760.00000000
      -1.44478719   17826.00000000
      -1.44478719   17864.00000000
      -1.44142595   17870.00000000
      -1.44142595   17872.00000000
      -1.44142595   17894.00000000
      -1.44142595   17906.00000000
      -1.44142595   17912.00000000
      -1.43148914   17926.00000000
      -1.43148914   17928.00000000
      -1.43148914   17972.00000000
      -1.43148914   17976.00000000
      -1.43148914   18008.00000000
      -1.42870909   18056.00000000
      -1.42870909   18062.00000000
      -1.42870909   18116.00000000
      -1.42870909   18146.00000000
      -1.42870909   18152.00000000
      -1.41541104   18176.00000000
      -1.41541104   18182.00000000
      -1.41541104   18304.00000000
      -1.41541104   18354.00000000
      -1.41541104   18422.00000000
      -1.41541104   18430.00000000
      -1.41541104   18440.00000000
      -1.40719240   18452.00000000
      -1.40719240   18480.00000000
      -1.40719240   18524.00000000
      -1.40719240   18526.00000000
      -1.40719240   18536.00000000
      -1.38939613   18540.00000000
      -1.38939613   18544.00000000
      -1.38939613   18560.00000000
      -1.38939613   18566.00000000
      -1.38939613   18578.00000000
      -1.38939613   18584.00000000
      -1.38395754   18608.00000000
      -1.38395754   18632.00000000
      -1.38117749   18644.00000000
      -1.38117749   18668.00000000
      -1.38117749   18700.00000000
      -1.38117749   18716.00000000
      -1.38117749   18764.00000000
      -1.38117749   18776.00000000
      -1.37781625   18782.00000000
      -1.37781625   18800.00000000
      -1.37781625   18818.00000000
      -1.37781625   18824.00000000
      -1.36787944   18836.00000000
      -1.36787944   18860.00000000
      -1.36787944   18934.00000000
      -1.36787944   19200.00000000
      -1.36787944   19330.00000000
      -1.36787944   19558.00000000
      -1.36787944   19664.00000000
      -1.36787944   19712.00000000
      -1.35180134   19736.00000000
      -1.35180134   19766.00000000
      -1.35180134   19956.00000000
      -1.35180134   19994.00000000
      -1.35180134   20000.00000000
      -1.34186453   20004.00000000
      -1.34186453   20018.00000000
      -1.34186453   20042.00000000
      -1.34186453   20060.00000000
      -1.34186453   20072.00000000
      -1.34186453   20084.00000000
      -1.34186453   20096.00000000
      -1.33850330   20100.00000000
      -1.33850330   20102.00000000
      -1.33850330   20114.00000000
      -1.33850330   20120.00000000
      -1.33850330   20138.00000000
      -1.33850330   20144.00000000
      -1.33028465   20172.00000000
      -1.33028465   20194.00000000
      -1.33028465   20228.00000000
      -1.33028465   20230.00000000
      -1.33028465   20240.00000000
      -1.32034784   20284.00000000
      -1.32034784   20300.00000000
      -1.32034784   20312.00000000
      -1.32034784   20350.00000000
      -1.32034784   20384.00000000
      -1.31248839   20388.00000000
      -1.31248839   20392.00000000
      -1.31248839   20408.00000000
      -1.31248839   20414.00000000
      -1.31248839   20426.00000000
      -1.31248839   20432.00000000
      -1.30426974   20480.00000000
      -1.30426974   20508.00000000
      -1.30426974   20662.00000000
      -1.30426974   20716.00000000
      -1.30426974   20768.00000000
      -1.29097170   20780.00000000
      -1.29097170   20784.00000000
      -1.29097170   20900.00000000
      -1.29097170   20936.00000000
      -1.29097170   21040.00000000
      -1.29097170   21046.00000000
      -1.29097170   21056.00000000
      -1.28103489   21060.00000000
      -1.28103489   21074.00000000
      -1.28103489   21080.00000000
      -1.27489360   21128.00000000
      -1.27489360   21272.00000000
      -1.26495679   21284.00000000
      -1.26495679   21306.00000000
      -1.26495679   21380.00000000
      -1.26495679   21408.00000000
      -1.26495679   21440.00000000
      -1.26495679   21464.00000000
      -1.25673814   21476.00000000
      -1.25673814   21482.00000000
      -1.25673814   21510.00000000
      -1.25673814   21528.00000000
      -1.25673814   21548.00000000
      -1.25673814   21552.00000000
      -1.25673814   21560.00000000
      -1.24887869   21566.00000000
      -1.24887869   21572.00000000
      -1.24887869   21578.00000000
      -1.24887869   21584.00000000
      -1.24344010   21590.00000000
      -1.24344010   21620.00000000
      -1.24344010   21646.00000000
      -1.24344010   21716.00000000
      -1.24344010   21748.00000000
      -1.24344010   21776.00000000
      -1.23072324   21778.00000000
      -1.23072324   21784.00000000
      -1.23072324   21790.00000000
      -1.23072324   21792.00000000
      -1.22736200   21816.00000000
      -1.22736200   21904.00000000
      -1.22736200   21992.00000000
      -1.22736200   22408.00000000
      -1.22736200   22540.00000000
      -1.22736200   22584.00000000
      -1.21742519   22594.00000000
      -1.21742519   22608.00000000
      -1.21742519   22632.00000000
      -1.21742519   22700.00000000
      -1.21742519   22718.00000000
      -1.21742519   22764.00000000
      -1.21742519   22776.00000000
      -1.21406395   22782.00000000
      -1.21406395   22800.00000000
      -1.21406395   22818.00000000
      -1.21406395   22824.00000000
      -1.21128390   22856.00000000
      -1.21128390   22868.00000000
      -1.21128390   22872.00000000
      -1.20134709   22888.00000000
      -1.20134709   22904.00000000
      -1.20134709   22952.00000000
      -1.20134709   22980.00000000
      -1.20134709   23040.00000000
      -1.20134709   23060.00000000
      -1.20134709   23064.00000000
      -1.18804904   23066.00000000
      -1.18804904   23094.00000000
      -1.18804904   23120.00000000
      -1.18804904   23204.00000000
      -1.18804904   23214.00000000
      -1.18804904   23244.00000000
      -1.18804904   23254.00000000
      -1.18804904   23256.00000000
      -1.17983040   23268.00000000
      -1.17983040   23276.00000000
      -1.17983040   23338.00000000
      -1.17983040   23396.00000000
      -1.17983040   23440.00000000
      -1.17983040   23442.00000000
      -1.17983040   23448.00000000
      -1.16653235   23468.00000000
      -1.16653235   23472.00000000
      -1.16653235   23496.00000000
      -1.16375230   23508.00000000
      -1.16375230   23518.00000000
      -1.16375230   23544.00000000
      -1.15381549   23548.00000000
      -1.15381549   23588.00000000
      -1.15381549   23592.00000000
      -1.15381549   23626.00000000
      -1.15381549   23634.00000000
      -1.15381549   23640.00000000
      -1.15045425   23688.00000000
      -1.15045425   23704.00000000
      -1.15045425   23898.00000000
      -1.15045425   23922.00000000
      -1.15045425   23928.00000000
      -1.14051744   23940.00000000
      -1.14051744   23960.00000000
      -1.14051744   24050.00000000
      -1.14051744   24096.00000000
      -1.14051744   24186.00000000
      -1.14051744   24206.00000000
      -1.14051744   24216.00000000
      -1.12443935   24232.00000000
      -1.12443935   24240.00000000
      -1.12443935   24302.00000000
      -1.12443935   24362.00000000
      -1.12443935   24530.00000000
      -1.12443935   24548.00000000
      -1.12443935   24552.00000000
      -1.10292265   24572.00000000
      -1.10292265   24592.00000000
      -1.10292265   24724.00000000
      -1.10292265   24782.00000000
      -1.10292265   24840.00000000
      -1.09298584   24864.00000000
      -1.09298584   24872.00000000
      -1.09298584   24884.00000000
      -1.09298584   24888.00000000
      -1.08684456   24916.00000000
      -1.08684456   24950.00000000
      -1.08684456   24984.00000000
      -1.07690775   24990.00000000
      -1.07690775   25046.00000000
      -1.07690775   25072.00000000
      -1.07690775   25278.00000000
      -1.07690775   25370.00000000
      -1.07690775   25622.00000000
      -1.07690775   25696.00000000
      -1.07690775   25728.00000000
      -1.07354651   25740.00000000
      -1.07354651   25764.00000000
      -1.07354651   25776.00000000
      -1.06360970   25782.00000000
      -1.06360970   25824.00000000
      -1.06360970   25838.00000000
      -1.06360970   25926.00000000
      -1.06360970   25944.00000000
      -1.06360970   25962.00000000
      -1.06360970   25966.00000000
      -1.06360970   25968.00000000
      -1.06082965   25992.00000000
      -1.06082965   26000.00000000
      -1.06082965   26012.00000000
      -1.06082965   26016.00000000
      -1.04753160   26032.00000000
      -1.04753160   26048.00000000
      -1.04753160   26152.00000000
      -1.04753160   26200.00000000
      -1.04753160   26290.00000000
      -1.04753160   26304.00000000
      -1.03759479   26310.00000000
      -1.03759479   26318.00000000
      -1.03759479   26342.00000000
      -1.03759479   26346.00000000
      -1.03759479   26352.00000000
      -1.02937614   26380.00000000
      -1.02937614   26388.00000000
      -1.02937614   26400.00000000
      -1.02937614   26432.00000000
      -1.02937614   26448.00000000
      -1.02601491   26464.00000000
      -1.02601491   26472.00000000
      -1.02601491   26524.00000000
      -1.02601491   26532.00000000
      -1.02601491   26544.00000000
      -1.01607810   26556.00000000
      -1.01607810   26566.00000000
      -1.01607810   26594.00000000
      -1.01607810   26628.00000000
      -1.01607810   26636.00000000
      -1.01607810   26640.00000000
      -1.01329805   26660.00000000
      -1.01329805   26664.00000000
      -1.01329805   26674.00000000
      -1.01329805   26688.00000000
      -1.00000000   26706.00000000
      -1.00000000   26712.00000000
      -1.00000000   26824.00000000
      -1.00000000   26916.00000000
      -1.00000000   27144.00000000
      -1.00000000   27200.00000000
      -1.00000000   27276.00000000
      -1.00000000   27298.00000000
      -1.00000000   27312.00000000
      -0.98670195   27314.00000000
      -0.98670195   27326.00000000
      -0.98670195   27328.00000000
      -0.98670195   27342.00000000
      -0.98670195   27348.00000000
      -0.98670195   27360.00000000
      -0.98392190   27368.00000000
      -0.98392190   27372.00000000
      -0.98392190   27430.00000000
      -0.98392190   27432.00000000
      -0.98392190   27446.00000000
      -0.98392190   27452.00000000
      -0.98392190   27456.00000000
      -0.97398509   27460.00000000
      -0.97398509   27470.00000000
      -0.97398509   27478.00000000
      -0.97398509   27480.00000000
      -0.97398509   27486.00000000
      -0.97398509   27498.00000000
      -0.97398509   27508.00000000
      -0.97398509   27520.00000000
      -0.97398509   27524.00000000
      -0.97398509   27528.00000000
      -0.97398509   27536.00000000
      -0.97398509   27548.00000000
      -0.97398509   27552.00000000
      -0.97062386   27556.00000000
      -0.97062386   27580.00000000
      -0.97062386   27584.00000000
      -0.97062386   27612.00000000
      -0.97062386   27624.00000000
      -0.97062386   27648.00000000
      -0.96240521   27650.00000000
      -0.96240521   27668.00000000
      -0.96240521   27682.00000000
      -0.96240521   27690.00000000
      -0.96240521   27692.00000000
      -0.96240521   27696.00000000
      -0.95246840   27700.00000000
      -0.95246840   27702.00000000
      -0.95246840   27712.00000000
      -0.95246840   27716.00000000
      -0.95246840   27746.00000000
      -0.95246840   27752.00000000
      -0.95246840   27788.00000000
      -0.95246840   27812.00000000
      -0.95246840   27856.00000000
      -0.95246840   27872.00000000
      -0.95246840   27922.00000000
      -0.95246840   27952.00000000
      -0.95246840   27972.00000000
      -0.95246840   27980.00000000
      -0.95246840   27984.00000000
      -0.93917035   28008.00000000
      -0.93917035   28032.00000000
      -0.93639030   28074.00000000
      -0.93639030   28080.00000000
      -0.93639030   28104.00000000
      -0.93639030   28106.00000000
      -0.93639030   28108.00000000
      -0.93639030   28176.00000000
      -0.93639030   28198.00000000
      -0.93639030   28222.00000000
      -0.93639030   28224.00000000
      -0.92645349   28228.00000000
      -0.92645349   28236.00000000
      -0.92645349   28242.00000000
      -0.92645349   28254.00000000
      -0.92645349   28260.00000000
      -0.92645349   28262.00000000
      -0.92645349   28264.00000000
      -0.92645349   28266.00000000
      -0.92645349   28270.00000000
      -0.92645349   28272.00000000
      -0.92309225   28278.00000000
      -0.92309225   28290.00000000
      -0.92309225   28292.00000000
      -0.92309225   28358.00000000
      -0.92309225   28400.00000000
      -0.92309225   28600.00000000
      -0.92309225   28656.00000000
      -0.92309225   28748.00000000
      -0.92309225   28778.00000000
      -0.92309225   28924.00000000
      -0.92309225   28974.00000000
      -0.92309225   29008.00000000
      -0.92309225   29016.00000000
      -0.91315544   29018.00000000
      -0.91315544   29020.00000000
      -0.91315544   29024.00000000
      -0.91315544   29032.00000000
      -0.91315544   29042.00000000
      -0.91315544   29062.00000000
      -0.91315544   29082.00000000
      -0.91315544   29102.00000000
      -0.91315544   29106.00000000
      -0.91315544   29110.00000000
      -0.91315544   29112.00000000
      -0.90701416   29136.00000000
      -0.90701416   29160.00000000
      -0.89707735   29164.00000000
      -0.89707735   29174.00000000
      -0.89707735   29182.00000000
      -0.89707735   29184.00000000
      -0.89707735   29206.00000000
      -0.89707735   29262.00000000
      -0.89707735   29312.00000000
      -0.89707735   29372.00000000
      -0.89707735   29384.00000000
      -0.89707735   29408.00000000
      -0.89707735   29424.00000000
      -0.89707735   29444.00000000
      -0.89707735   29448.00000000
      -0.87556065   29490.00000000
      -0.87556065   29492.00000000
      -0.87556065   29544.00000000
      -0.87556065   29556.00000000
      -0.87556065   29648.00000000
      -0.87556065   29674.00000000
      -0.87556065   29748.00000000
      -0.87556065   29772.00000000
      -0.87556065   29784.00000000
      -0.85948256   29804.00000000
      -0.85948256   29828.00000000
      -0.85948256   29842.00000000
      -0.85948256   29952.00000000
      -0.85948256   29970.00000000
      -0.85948256   30034.00000000
      -0.85948256   30060.00000000
      -0.85948256   30072.00000000
      -0.84954575   30078.00000000
      -0.84954575   30096.00000000
      -0.84954575   30120.00000000
      -0.84954575   30130.00000000
      -0.84954575   30156.00000000
      -0.84954575   30190.00000000
      -0.84954575   30248.00000000
      -0.84954575   30262.00000000
      -0.84954575   30298.00000000
      -0.84954575   30314.00000000
      -0.84954575   30336.00000000
      -0.84954575   30344.00000000
      -0.84954575   30360.00000000
      -0.84618451   30362.00000000
      -0.84618451   30368.00000000
      -0.84618451   30376.00000000
      -0.84618451   30404.00000000
      -0.84618451   30418.00000000
      -0.84618451   30432.00000000
      -0.84618451   30434.00000000
      -0.84618451   30442.00000000
      -0.84618451   30450.00000000
      -0.84618451   30456.00000000
      -0.83624770   30458.00000000
      -0.83624770   30476.00000000
      -0.83624770   30490.00000000
      -0.83624770   30504.00000000
      -0.83346765   30516.00000000
      -0.83346765   30520.00000000
      -0.83346765   30528.00000000
      -0.83346765   30538.00000000
      -0.83346765   30540.00000000
      -0.83346765   30542.00000000
      -0.83346765   30544.00000000
      -0.83346765   30552.00000000
      -0.82016960   30556.00000000
      -0.82016960   30566.00000000
      -0.82016960   30574.00000000
      -0.82016960   30576.00000000
      -0.82016960   30588.00000000
      -0.82016960   30644.00000000
      -0.82016960   30688.00000000
      -0.82016960   30728.00000000
      -0.82016960   30732.00000000
      -0.82016960   30740.00000000
      -0.82016960   30744.00000000
      -0.81195096   30756.00000000
      -0.81195096   30774.00000000
      -0.81195096   30786.00000000
      -0.81195096   30792.00000000
      -0.81195096   30832.00000000
      -0.81195096   30866.00000000
      -0.81195096   30914.00000000
      -0.81195096   30928.00000000
      -0.81195096   30936.00000000
      -0.79865291   30940.00000000
      -0.79865291   30948.00000000
      -0.79865291   30954.00000000
      -0.79865291   30996.00000000
      -0.79865291   30998.00000000
      -0.79865291   31042.00000000
      -0.79865291   31050.00000000
      -0.79865291   31088.00000000
      -0.79865291   31102.00000000
      -0.79865291   31124.00000000
      -0.79865291   31128.00000000
      -0.78871610   31132.00000000
      -0.78871610   31136.00000000
      -0.78871610   31152.00000000
      -0.78871610   31176.00000000
      -0.78593605   31188.00000000
      -0.78593605   31212.00000000
      -0.78593605   31224.00000000
      -0.78257481   31260.00000000
      -0.78257481   31298.00000000
      -0.78257481   31308.00000000
      -0.78257481   31370.00000000
      -0.78257481   31390.00000000
      -0.78257481   31412.00000000
      -0.78257481   31416.00000000
      -0.77263800   31432.00000000
      -0.77263800   31438.00000000
      -0.77263800   31470.00000000
      -0.77263800   31476.00000000
      -0.77263800   31488.00000000
      -0.77263800   31512.00000000
      -0.77263800   31642.00000000
      -0.77263800   31722.00000000
      -0.77263800   31888.00000000
      -0.77263800   31932.00000000
      -0.77263800   32106.00000000
      -0.77263800   32156.00000000
      -0.77263800   32200.00000000
      -0.77263800   32208.00000000
      -0.76927676   32210.00000000
      -0.76927676   32212.00000000
      -0.76927676   32216.00000000
      -0.76927676   32222.00000000
      -0.76927676   32224.00000000
      -0.75655990   32232.00000000
      -0.75655990   32276.00000000
      -0.75655990   32312.00000000
      -0.75655990   32392.00000000
      -0.75655990   32416.00000000
      -0.75112131   32422.00000000
      -0.75112131   32426.00000000
      -0.75112131   32434.00000000
      -0.75112131   32440.00000000
      -0.74326186   32444.00000000
      -0.74326186   32456.00000000
      -0.74326186   32462.00000000
      -0.74326186   32464.00000000
      -0.74326186   32470.00000000
      -0.74326186   32498.00000000
      -0.74326186   32508.00000000
      -0.74326186   32522.00000000
      -0.74326186   32524.00000000
      -0.74326186   32536.00000000
      -0.73504321   32584.00000000
      -0.73504321   32600.00000000
      -0.73504321   32656.00000000
      -0.73504321   32672.00000000
      -0.73504321   32720.00000000
      -0.73504321   32728.00000000
      -0.72510640   32752.00000000
      -0.72510640   32796.00000000
      -0.72510640   32812.00000000
      -0.72510640   32876.00000000
      -0.72510640   32884.00000000
      -0.72510640   32900.00000000
      -0.72510640   32904.00000000
      -0.72510640   32920.00000000
      -0.71896511   32926.00000000
      -0.71896511   32938.00000000
      -0.71896511   32944.00000000
      -0.70902830   32956.00000000
      -0.70902830   32958.00000000
      -0.70902830   32966.00000000
      -0.70902830   32972.00000000
      -0.70902830   32998.00000000
      -0.70902830   33004.00000000
      -0.70902830   33028.00000000
      -0.70902830   33060.00000000
      -0.70902830   33156.00000000
      -0.70902830   33182.00000000
      -0.70902830   33214.00000000
      -0.70902830   33220.00000000
      -0.70902830   33232.00000000
      -0.69573026   33238.00000000
      -0.69573026   33256.00000000
      -0.69573026   33258.00000000
      -0.69573026   33290.00000000
      -0.69573026   33298.00000000
      -0.69573026   33350.00000000
      -0.69573026   33382.00000000
      -0.69573026   33470.00000000
      -0.69573026   33484.00000000
      -0.69573026   33550.00000000
      -0.69573026   33562.00000000
      -0.69573026   33568.00000000
      -0.68751161   33574.00000000
      -0.68751161   33584.00000000
      -0.68751161   33604.00000000
      -0.68751161   33610.00000000
      -0.68751161   33616.00000000
      -0.67965216   33628.00000000
      -0.67965216   33638.00000000
      -0.67965216   33648.00000000
      -0.67965216   33684.00000000
      -0.67965216   33700.00000000
      -0.67965216   33758.00000000
      -0.67965216   33760.00000000
      -0.66971535   33782.00000000
      -0.66971535   33784.00000000
      -0.66971535   33802.00000000
      -0.66971535   33812.00000000
      -0.66971535   33840.00000000
      -0.66971535   33844.00000000
      -0.66971535   33856.00000000
      -0.66149670   33862.00000000
      -0.66149670   33868.00000000
      -0.66149670   33880.00000000
      -0.66149670   33892.00000000
      -0.66149670   33898.00000000
      -0.66149670   33904.00000000
      -0.65813547   33916.00000000
      -0.65813547   33940.00000000
      -0.65813547   33972.00000000
      -0.65813547   33984.00000000
      -0.65813547   33988.00000000
      -0.65813547   33992.00000000
      -0.65813547   34000.00000000
      -0.64819866   34006.00000000
      -0.64819866   34036.00000000
      -0.64819866   34046.00000000
      -0.64819866   34078.00000000
      -0.64819866   34088.00000000
      -0.64819866   34230.00000000
      -0.64819866   34256.00000000
      -0.64819866   34286.00000000
      -0.64819866   34288.00000000
      -0.63212056   34312.00000000
      -0.63212056   34324.00000000
      -0.63212056   34326.00000000
      -0.63212056   34382.00000000
      -0.63212056   34384.00000000
      -0.63212056   34500.00000000
      -0.63212056   34564.00000000
      -0.63212056   34972.00000000
      -0.63212056   35032.00000000
      -0.63212056   35144.00000000
      -0.63212056   35156.00000000
      -0.63212056   35176.00000000
      -0.62218375   35188.00000000
      -0.62218375   35194.00000000
      -0.62218375   35200.00000000
      -0.62218375   35206.00000000
      -0.62218375   35214.00000000
      -0.62218375   35218.00000000
      -0.62218375   35222.00000000
      -0.62218375   35224.00000000
      -0.61882251   35226.00000000
      -0.61882251   35230.00000000
      -0.61882251   35236.00000000
      -0.61882251   35266.00000000
      -0.61882251   35274.00000000
      -0.61882251   35294.00000000
      -0.61882251   35296.00000000
      -0.61882251   35336.00000000
      -0.61882251   35338.00000000
      -0.61882251   35354.00000000
      -0.61882251   35356.00000000
      -0.61882251   35368.00000000
      -0.61604246   35416.00000000
      -0.61060387   35422.00000000
      -0.61060387   35426.00000000
      -0.61060387   35434.00000000
      -0.61060387   35438.00000000
      -0.61060387   35454.00000000
      -0.61060387   35458.00000000
      -0.61060387   35464.00000000
      -0.59280760   35484.00000000
      -0.59280760   35488.00000000
      -0.59280760   35506.00000000
      -0.59280760   35516.00000000
      -0.59280760   35544.00000000
      -0.59280760   35548.00000000
      -0.59280760   35560.00000000
      -0.58458896   35584.00000000
      -0.58458896   35608.00000000
      -0.58458896   35618.00000000
      -0.58458896   35670.00000000
      -0.58458896   35676.00000000
      -0.58458896   35814.00000000
      -0.58458896   35818.00000000
      -0.58458896   35848.00000000
      -0.57129091   35872.00000000
      -0.57129091   35896.00000000
      -0.57129091   35928.00000000
      -0.57129091   35932.00000000
      -0.57129091   35980.00000000
      -0.57129091   35992.00000000
      -0.56851086   36004.00000000
      -0.56851086   36016.00000000
      -0.56851086   36024.00000000
      -0.56851086   36076.00000000
      -0.56851086   36088.00000000
      -0.55857405   36094.00000000
      -0.55857405   36096.00000000
      -0.55857405   36100.00000000
      -0.55857405   36122.00000000
      -0.55857405   36124.00000000
      -0.55857405   36132.00000000
      -0.55857405   36134.00000000
      -0.55857405   36136.00000000
      -0.55521281   36148.00000000
      -0.55521281   36160.00000000
      -0.55521281   36212.00000000
      -0.55521281   36220.00000000
      -0.55521281   36276.00000000
      -0.55521281   36304.00000000
      -0.55521281   36436.00000000
      -0.55521281   36448.00000000
      -0.55521281   36472.00000000
      -0.54527600   36482.00000000
      -0.54527600   36490.00000000
      -0.54527600   36506.00000000
      -0.54527600   36508.00000000
      -0.54527600   36558.00000000
      -0.54527600   36586.00000000
      -0.54527600   36622.00000000
      -0.54527600   36634.00000000
      -0.54527600   36680.00000000
      -0.54527600   36688.00000000
      -0.52919791   36700.00000000
      -0.52919791   36760.00000000
      -0.52919791   36772.00000000
      -0.52919791   36804.00000000
      -0.52919791   36816.00000000
      -0.52919791   36864.00000000
      -0.52919791   36872.00000000
      -0.52919791   36880.00000000
      -0.52375931   36904.00000000
      -0.52375931   36912.00000000
      -0.52375931   36928.00000000
      -0.50768121   36940.00000000
      -0.50768121   36952.00000000
      -0.50768121   36954.00000000
      -0.50768121   36970.00000000
      -0.50768121   36976.00000000
      -0.50768121   37032.00000000
      -0.50768121   37066.00000000
      -0.50768121   37332.00000000
      -0.50768121   37382.00000000
      -0.50768121   37582.00000000
      -0.50768121   37602.00000000
      -0.50768121   37666.00000000
      -0.50768121   37672.00000000
      -0.49160312   37744.00000000
      -0.49160312   37784.00000000
      -0.49160312   37816.00000000
      -0.48166631   37822.00000000
      -0.48166631   37828.00000000
      -0.48166631   37852.00000000
      -0.48166631   37864.00000000
      -0.48166631   37890.00000000
      -0.48166631   37906.00000000
      -0.48166631   37910.00000000
      -0.48166631   37912.00000000
      -0.48166631   37924.00000000
      -0.48166631   37926.00000000
      -0.48166631   37930.00000000
      -0.48166631   37946.00000000
      -0.48166631   37972.00000000
      -0.48166631   37980.00000000
      -0.48166631   37988.00000000
      -0.48166631   37992.00000000
      -0.48166631   38002.00000000
      -0.48166631   38004.00000000
      -0.48166631   38008.00000000
      -0.47830507   38020.00000000
      -0.47830507   38032.00000000
      -0.47830507   38048.00000000
      -0.47830507   38084.00000000
      -0.47830507   38098.00000000
      -0.47830507   38104.00000000
      -0.47830507   38120.00000000
      -0.47830507   38126.00000000
      -0.47830507   38128.00000000
      -0.47830507   38130.00000000
      -0.47830507   38142.00000000
      -0.47830507   38148.00000000
      -0.47830507   38152.00000000
      -0.46836826   38164.00000000
      -0.46836826   38174.00000000
      -0.46836826   38188.00000000
      -0.46836826   38200.00000000
      -0.46836826   38210.00000000
      -0.46836826   38214.00000000
      -0.46836826   38218.00000000
      -0.46836826   38232.00000000
      -0.46836826   38246.00000000
      -0.46836826   38266.00000000
      -0.46836826   38286.00000000
      -0.46836826   38296.00000000
      -0.46836826   38316.00000000
      -0.46836826   38324.00000000
      -0.46836826   38328.00000000
      -0.46836826   38338.00000000
      -0.46836826   38342.00000000
      -0.46836826   38344.00000000
      -0.46014961   38352.00000000
      -0.46014961   38356.00000000
      -0.46014961   38392.00000000
      -0.46014961   38404.00000000
      -0.46014961   38412.00000000
      -0.46014961   38432.00000000
      -0.46014961   38440.00000000
      -0.45229016   38488.00000000
      -0.45229016   38520.00000000
      -0.45229016   38536.00000000
      -0.45229016   38556.00000000
      -0.45229016   38576.00000000
      -0.45229016   38584.00000000
      -0.45229016   38616.00000000
      -0.45229016   38624.00000000
      -0.45229016   38628.00000000
      -0.45229016   38632.00000000
      -0.44407152   38636.00000000
      -0.44407152   38638.00000000
      -0.44407152   38656.00000000
      -0.44407152   38666.00000000
      -0.44407152   38670.00000000
      -0.44407152   38680.00000000
      -0.43413471   38692.00000000
      -0.43413471   38716.00000000
      -0.43413471   38728.00000000
      -0.43077347   38752.00000000
      -0.43077347   38784.00000000
      -0.43077347   38792.00000000
      -0.43077347   38810.00000000
      -0.43077347   38852.00000000
      -0.43077347   38872.00000000
      -0.43077347   38884.00000000
      -0.43077347   38890.00000000
      -0.43077347   38908.00000000
      -0.43077347   38910.00000000
      -0.43077347   38914.00000000
      -0.43077347   38920.00000000
      -0.42083666   38928.00000000
      -0.42083666   38932.00000000
      -0.42083666   38944.00000000
      -0.42083666   38952.00000000
      -0.42083666   38964.00000000
      -0.42083666   38968.00000000
      -0.42083666   38984.00000000
      -0.42083666   38992.00000000
      -0.42083666   39012.00000000
      -0.42083666   39048.00000000
      -0.42083666   39056.00000000
      -0.42083666   39064.00000000
      -0.41805661   39070.00000000
      -0.41805661   39082.00000000
      -0.41805661   39088.00000000
      -0.41469537   39100.00000000
      -0.41469537   39112.00000000
      -0.41469537   39118.00000000
      -0.41469537   39126.00000000
      -0.41469537   39132.00000000
      -0.41469537   39136.00000000
      -0.40475856   39148.00000000
      -0.40475856   39160.00000000
      -0.40475856   39166.00000000
      -0.40475856   39172.00000000
      -0.40475856   39178.00000000
      -0.40475856   39188.00000000
      -0.40475856   39190.00000000
      -0.40475856   39208.00000000
      -0.40475856   39224.00000000
      -0.40475856   39302.00000000
      -0.40475856   39344.00000000
      -0.40475856   39374.00000000
      -0.40475856   39394.00000000
      -0.40475856   39546.00000000
      -0.40475856   39562.00000000
      -0.40475856   39600.00000000
      -0.40475856   39712.00000000
      -0.40475856   39816.00000000
      -0.40475856   39840.00000000
      -0.40475856   39844.00000000
      -0.40475856   39850.00000000
      -0.40475856   39922.00000000
      -0.40475856   39926.00000000
      -0.40475856   39928.00000000
      -0.39146051   39934.00000000
      -0.39146051   39942.00000000
      -0.39146051   39946.00000000
      -0.39146051   39948.00000000
      -0.39146051   39950.00000000
      -0.39146051   39952.00000000
      -0.38868046   39960.00000000
      -0.38868046   40000.00000000
      -0.38868046   40016.00000000
      -0.38868046   40024.00000000
      -0.38868046   40048.00000000
      -0.38324187   40054.00000000
      -0.38324187   40060.00000000
      -0.38324187   40062.00000000
      -0.38324187   40092.00000000
      -0.38324187   40094.00000000
      -0.38324187   40096.00000000
      -0.38324187   40150.00000000
      -0.38324187   40186.00000000
      -0.38324187   40192.00000000
      -0.37538242   40204.00000000
      -0.37538242   40220.00000000
      -0.37538242   40228.00000000
      -0.37538242   40232.00000000
      -0.37538242   40236.00000000
      -0.37538242   40240.00000000
      -0.36716377   40268.00000000
      -0.36716377   40276.00000000
      -0.36716377   40324.00000000
      -0.36716377   40348.00000000
      -0.36716377   40384.00000000
      -0.35722696   40396.00000000
      -0.35722696   40402.00000000
      -0.35722696   40420.00000000
      -0.35722696   40426.00000000
      -0.35722696   40432.00000000
      -0.35722696   40452.00000000
      -0.35722696   40468.00000000
      -0.35722696   40520.00000000
      -0.35722696   40536.00000000
      -0.35722696   40544.00000000
      -0.35722696   40550.00000000
      -0.35722696   40564.00000000
      -0.35722696   40566.00000000
      -0.35722696   40572.00000000
      -0.35722696   40576.00000000
      -0.35386572   40582.00000000
      -0.35386572   40588.00000000
      -0.35386572   40594.00000000
      -0.35386572   40600.00000000
      -0.35386572   40606.00000000
      -0.35386572   40612.00000000
      -0.35386572   40614.00000000
      -0.35386572   40616.00000000
      -0.35386572   40620.00000000
      -0.35386572   40622.00000000
      -0.35386572   40624.00000000
      -0.34392891   40640.00000000
      -0.34392891   40648.00000000
      -0.34392891   40664.00000000
      -0.34392891   40672.00000000
      -0.34114886   40696.00000000
      -0.34114886   40702.00000000
      -0.34114886   40710.00000000
      -0.34114886   40730.00000000
      -0.34114886   40736.00000000
      -0.34114886   40740.00000000
      -0.34114886   40742.00000000
      -0.34114886   40760.00000000
      -0.34114886   40768.00000000
      -0.32785082   40780.00000000
      -0.32785082   40792.00000000
      -0.32785082   40798.00000000
      -0.32785082   40804.00000000
      -0.32785082   40810.00000000
      -0.32785082   40840.00000000
      -0.32785082   40852.00000000
      -0.32785082   40876.00000000
      -0.32785082   40974.00000000
      -0.32785082   41030.00000000
      -0.32785082   41062.00000000
      -0.32785082   41088.00000000
      -0.32785082   41206.00000000
      -0.32785082   41220.00000000
      -0.32785082   41256.00000000
      -0.32785082   41358.00000000
      -0.32785082   41456.00000000
      -0.32785082   41476.00000000
      -0.32785082   41482.00000000
      -0.32785082   41506.00000000
      -0.32785082   41510.00000000
      -0.32785082   41512.00000000
      -0.31791400   41514.00000000
      -0.31791400   41518.00000000
      -0.31791400   41520.00000000
      -0.31791400   41524.00000000
      -0.31791400   41526.00000000
      -0.31791400   41528.00000000
      -0.31177272   41536.00000000
      -0.31177272   41552.00000000
      -0.31177272   41568.00000000
      -0.31177272   41576.00000000
      -0.30183591   41582.00000000
      -0.30183591   41584.00000000
      -0.30183591   41588.00000000
      -0.30183591   41598.00000000
      -0.30183591   41600.00000000
      -0.30183591   41612.00000000
      -0.30183591   41616.00000000
      -0.30183591   41618.00000000
      -0.30183591   41622.00000000
      -0.30183591   41624.00000000
      -0.29639731   41648.00000000
      -0.28031921   41672.00000000
      -0.28031921   41678.00000000
      -0.28031921   41696.00000000
      -0.28031921   41740.00000000
      -0.28031921   41746.00000000
      -0.28031921   41752.00000000
      -0.28031921   41762.00000000
      -0.28031921   41888.00000000
      -0.28031921   41900.00000000
      -0.28031921   41948.00000000
      -0.28031921   42184.00000000
      -0.28031921   42236.00000000
      -0.28031921   42252.00000000
      -0.28031921   42262.00000000
      -0.28031921   42362.00000000
      -0.28031921   42366.00000000
      -0.28031921   42368.00000000
      -0.28031921   42392.00000000
      -0.26424112   42404.00000000
      -0.26424112   42410.00000000
      -0.26424112   42424.00000000
      -0.26424112   42428.00000000
      -0.26424112   42504.00000000
      -0.26424112   42514.00000000
      -0.26424112   42554.00000000
      -0.26424112   42718.00000000
      -0.26424112   42746.00000000
      -0.26424112   42758.00000000
      -0.26424112   42774.00000000
      -0.26424112   42818.00000000
      -0.26424112   42830.00000000
      -0.25430431   42832.00000000
      -0.25430431   42848.00000000
      -0.25430431   42860.00000000
      -0.25430431   42866.00000000
      -0.25430431   42872.00000000
      -0.25430431   42878.00000000
      -0.25430431   42880.00000000
      -0.25430431   42882.00000000
      -0.25430431   42896.00000000
      -0.25430431   42902.00000000
      -0.25430431   42904.00000000
      -0.25430431   42912.00000000
      -0.25430431   42922.00000000
      -0.25430431   42926.00000000
      -0.25094307   42932.00000000
      -0.25094307   42938.00000000
      -0.25094307   42944.00000000
      -0.25094307   42950.00000000
      -0.25094307   42956.00000000
      -0.25094307   42962.00000000
      -0.25094307   42970.00000000
      -0.25094307   42982.00000000
      -0.25094307   42990.00000000
      -0.25094307   42996.00000000
      -0.25094307   43004.00000000
      -0.25094307   43006.00000000
      -0.25094307   43010.00000000
      -0.25094307   43020.00000000
      -0.25094307   43022.00000000
      -0.24816302   43034.00000000
      -0.24272442   43036.00000000
      -0.24272442   43038.00000000
      -0.24272442   43040.00000000
      -0.24272442   43048.00000000
      -0.24272442   43052.00000000
      -0.24272442   43056.00000000
      -0.24272442   43058.00000000
      -0.24272442   43072.00000000
      -0.24272442   43076.00000000
      -0.24272442   43082.00000000
      -0.23278761   43098.00000000
      -0.23278761   43106.00000000
      -0.23278761   43130.00000000
      -0.22492816   43142.00000000
      -0.22492816   43146.00000000
      -0.22492816   43154.00000000
      -0.22492816   43174.00000000
      -0.22492816   43178.00000000
      -0.22492816   43182.00000000
      -0.22492816   43194.00000000
      -0.22492816   43202.00000000
      -0.22492816   43210.00000000
      -0.22492816   43214.00000000
      -0.22492816   43222.00000000
      -0.22492816   43226.00000000
      -0.21670952   43250.00000000
      -0.21670952   43262.00000000
      -0.21670952   43274.00000000
      -0.21670952   43290.00000000
      -0.21670952   43298.00000000
      -0.21670952   43330.00000000
      -0.21670952   43338.00000000
      -0.21670952   43346.00000000
      -0.21670952   43362.00000000
      -0.21670952   43370.00000000
      -0.20341147   43376.00000000
      -0.20341147   43382.00000000
      -0.20341147   43386.00000000
      -0.20341147   43388.00000000
      -0.20341147   43400.00000000
      -0.20341147   43418.00000000
      -0.20341147   43430.00000000
      -0.20341147   43438.00000000
      -0.20341147   43460.00000000
      -0.20341147   43462.00000000
      -0.20341147   43464.00000000
      -0.20341147   43466.00000000
      -0.20341147   43468.00000000
      -0.20341147   43472.00000000
      -0.20341147   43506.00000000
      -0.20341147   43510.00000000
      -0.20341147   43514.00000000
      -0.20341147   43518.00000000
      -0.20341147   43536.00000000
      -0.20341147   43542.00000000
      -0.20341147   43594.00000000
      -0.20341147   43602.00000000
      -0.20341147   43622.00000000
      -0.20341147   43628.00000000
      -0.20341147   43634.00000000
      -0.20341147   43648.00000000
      -0.20341147   43652.00000000
      -0.20341147   43658.00000000
      -0.20063142   43662.00000000
      -0.20063142   43664.00000000
      -0.20063142   43670.00000000
      -0.18733337   43694.00000000
      -0.18733337   43718.00000000
      -0.18733337   43722.00000000
      -0.18733337   43726.00000000
      -0.18733337   43750.00000000
      -0.18733337   43774.00000000
      -0.18733337   43812.00000000
      -0.18733337   43828.00000000
      -0.18733337   43838.00000000
      -0.18733337   43842.00000000
      -0.18733337   43856.00000000
      -0.18733337   43860.00000000
      -0.18733337   43862.00000000
      -0.17739656   43868.00000000
      -0.17739656   43878.00000000
      -0.17739656   43884.00000000
      -0.17739656   43906.00000000
      -0.17739656   43908.00000000
      -0.17739656   43912.00000000
      -0.17739656   43928.00000000
      -0.17739656   43930.00000000
      -0.17739656   43934.00000000
      -0.17739656   43942.00000000
      -0.17739656   43970.00000000
      -0.17739656   43982.00000000
      -0.17739656   44000.00000000
      -0.17739656   44006.00000000
      -0.17739656   44014.00000000
      -0.17739656   44022.00000000
      -0.17739656   44044.00000000
      -0.17739656   44052.00000000
      -0.17739656   44064.00000000
      -0.17739656   44068.00000000
      -0.17739656   44072.00000000
      -0.17739656   44090.00000000
      -0.17739656   44100.00000000
      -0.17739656   44130.00000000
      -0.17739656   44138.00000000
      -0.17739656   44142.00000000
      -0.17739656   44146.00000000
      -0.17739656   44150.00000000
      -0.17403532   44156.00000000
      -0.17403532   44162.00000000
      -0.17403532   44168.00000000
      -0.17403532   44174.00000000
      -0.17403532   44180.00000000
      -0.17403532   44186.00000000
      -0.17403532   44188.00000000
      -0.17403532   44192.00000000
      -0.17403532   44196.00000000
      -0.17403532   44198.00000000
      -0.16131847   44212.00000000
      -0.16131847   44218.00000000
      -0.16131847   44220.00000000
      -0.16131847   44222.00000000
      -0.16131847   44226.00000000
      -0.16131847   44236.00000000
      -0.16131847   44240.00000000
      -0.16131847   44242.00000000
      -0.16131847   44244.00000000
      -0.16131847   44246.00000000
      -0.15587987   44250.00000000
      -0.15587987   44254.00000000
      -0.15587987   44258.00000000
      -0.15587987   44266.00000000
      -0.15587987   44270.00000000
      -0.15587987   44278.00000000
      -0.15587987   44290.00000000
      -0.15587987   44318.00000000
      -0.15587987   44322.00000000
      -0.15587987   44358.00000000
      -0.15587987   44366.00000000
      -0.15587987   44374.00000000
      -0.15587987   44390.00000000
      -0.14802042   44396.00000000
      -0.14802042   44400.00000000
      -0.14802042   44408.00000000
      -0.14802042   44414.00000000
      -0.14802042   44416.00000000
      -0.14802042   44422.00000000
      -0.14802042   44426.00000000
      -0.14802042   44432.00000000
      -0.14802042   44434.00000000
      -0.14802042   44436.00000000
      -0.14802042   44438.00000000
      -0.13980177   44440.00000000
      -0.13980177   44442.00000000
      -0.13980177   44444.00000000
      -0.13980177   44448.00000000
      -0.13980177   44456.00000000
      -0.13980177   44458.00000000
      -0.13980177   44462.00000000
      -0.13980177   44464.00000000
      -0.13980177   44478.00000000
      -0.13980177   44482.00000000
      -0.13980177   44554.00000000
      -0.13980177   44574.00000000
      -0.13980177   44596.00000000
      -0.13980177   44598.00000000
      -0.13980177   44604.00000000
      -0.13980177   44608.00000000
      -0.13980177   44682.00000000
      -0.13980177   44702.00000000
      -0.13980177   44706.00000000
      -0.13980177   44714.00000000
      -0.13980177   44718.00000000
      -0.13980177   44726.00000000
      -0.12986496   44738.00000000
      -0.12986496   44750.00000000
      -0.12986496   44774.00000000
      -0.12986496   44778.00000000
      -0.12986496   44786.00000000
      -0.12986496   44798.00000000
      -0.12986496   44822.00000000
      -0.12650372   44834.00000000
      -0.12650372   44850.00000000
      -0.12650372   44858.00000000
      -0.12650372   44866.00000000
      -0.12650372   44870.00000000
      -0.12372367   44884.00000000
      -0.12372367   44888.00000000
      -0.12372367   44896.00000000
      -0.12372367   44900.00000000
      -0.12372367   44904.00000000
      -0.12372367   44918.00000000
      -0.12372367   44922.00000000
      -0.12372367   44930.00000000
      -0.11378686   44936.00000000
      -0.11378686   44954.00000000
      -0.11378686   44966.00000000
      -0.11378686   44990.00000000
      -0.11378686   45002.00000000
      -0.11378686   45004.00000000
      -0.11378686   45008.00000000
      -0.11378686   45014.00000000
      -0.11378686   45026.00000000
      -0.11378686   45030.00000000
      -0.11378686   45038.00000000
      -0.11378686   45042.00000000
      -0.11378686   45050.00000000
      -0.11378686   45054.00000000
      -0.11378686   45058.00000000
      -0.11378686   45062.00000000
      -0.11378686   45070.00000000
      -0.11378686   45074.00000000
      -0.11042563   45080.00000000
      -0.11042563   45088.00000000
      -0.11042563   45092.00000000
      -0.11042563   45096.00000000
      -0.11042563   45098.00000000
      -0.10048882   45104.00000000
      -0.10048882   45114.00000000
      -0.10048882   45120.00000000
      -0.10048882   45154.00000000
      -0.10048882   45182.00000000
      -0.10048882   45186.00000000
      -0.10048882   45190.00000000
      -0.10048882   45194.00000000
      -0.10048882   45202.00000000
      -0.10048882   45208.00000000
      -0.10048882   45246.00000000
      -0.10048882   45248.00000000
      -0.10048882   45278.00000000
      -0.10048882   45282.00000000
      -0.10048882   45290.00000000
      -0.10048882   45294.00000000
      -0.10048882   45306.00000000
      -0.10048882   45314.00000000
      -0.10048882   45326.00000000
      -0.10048882   45330.00000000
      -0.10048882   45342.00000000
      -0.10048882   45366.00000000
      -0.10048882   45374.00000000
      -0.10048882   45378.00000000
      -0.10048882   45386.00000000
      -0.09227017   45392.00000000
      -0.09227017   45398.00000000
      -0.09227017   45404.00000000
      -0.09227017   45410.00000000
      -0.09227017   45412.00000000
      -0.09227017   45414.00000000
      -0.09227017   45416.00000000
      -0.09227017   45418.00000000
      -0.09227017   45422.00000000
      -0.09227017   45424.00000000
      -0.09227017   45428.00000000
      -0.09227017   45430.00000000
      -0.09227017   45434.00000000
      -0.08441072   45446.00000000
      -0.08441072   45454.00000000
      -0.08441072   45458.00000000
      -0.08441072   45462.00000000
      -0.08441072   45472.00000000
      -0.08441072   45476.00000000
      -0.08441072   45478.00000000
      -0.08441072   45482.00000000
      -0.06289403   45502.00000000
      -0.06289403   45506.00000000
      -0.06289403   45522.00000000
      -0.06289403   45524.00000000
      -0.06289403   45538.00000000
      -0.06289403   45540.00000000
      -0.06289403   45542.00000000
      -0.06289403   45546.00000000
      -0.06289403   45548.00000000
      -0.06289403   45568.00000000
      -0.06289403   45572.00000000
      -0.06289403   45588.00000000
      -0.06289403   45594.00000000
      -0.06289403   45602.00000000
      -0.06289403   45610.00000000
      -0.06289403   45616.00000000
      -0.06289403   45622.00000000
      -0.06289403   45626.00000000
      -0.06289403   45628.00000000
      -0.06289403   45640.00000000
      -0.06289403   45650.00000000
      -0.06289403   45654.00000000
      -0.06289403   45662.00000000
      -0.06289403   45666.00000000
      -0.06289403   45670.00000000
      -0.06289403   45674.00000000
      -0.05295722   45682.00000000
      -0.05295722   45708.00000000
      -0.05295722   45726.00000000
      -0.05295722   45734.00000000
      -0.05295722   45738.00000000
      -0.05295722   45744.00000000
      -0.05295722   45772.00000000
      -0.05295722   45776.00000000
      -0.05295722   45780.00000000
      -0.05295722   45782.00000000
      -0.05295722   45788.00000000
      -0.05295722   45796.00000000
      -0.05295722   45822.00000000
      -0.05295722   45830.00000000
      -0.05295722   45834.00000000
      -0.05295722   45842.00000000
      -0.05295722   45850.00000000
      -0.05295722   45866.00000000
      -0.03687912   45870.00000000
      -0.03687912   45878.00000000
      -0.03687912   45882.00000000
      -0.03687912   45890.00000000
      -0.03687912   45894.00000000
      -0.03687912   45898.00000000
      -0.03687912   45918.00000000
      -0.03687912   45922.00000000
      -0.03687912   45930.00000000
      -0.03687912   45942.00000000
      -0.03687912   45944.00000000
      -0.03687912   45952.00000000
      -0.03687912   45956.00000000
      -0.03687912   45958.00000000
      -0.03687912   46006.00000000
      -0.03687912   46008.00000000
      -0.03687912   46020.00000000
      -0.03687912   46024.00000000
      -0.03687912   46028.00000000
      -0.03687912   46048.00000000
      -0.03687912   46054.00000000
      -0.03687912   46084.00000000
      -0.03687912   46088.00000000
      -0.03687912   46100.00000000
      -0.03687912   46102.00000000
      -0.03687912   46106.00000000
      -0.03687912   46110.00000000
      -0.03687912   46114.00000000
      -0.03687912   46126.00000000
      -0.03687912   46138.00000000
      -0.03687912   46154.00000000
      -0.02358107   46156.00000000
      -0.02358107   46160.00000000
      -0.02358107   46162.00000000
      -0.02358107   46168.00000000
      -0.02358107   46170.00000000
      -0.02358107   46174.00000000
      -0.02358107   46180.00000000
      -0.02358107   46200.00000000
      -0.02358107   46204.00000000
      -0.02358107   46220.00000000
      -0.02358107   46224.00000000
      -0.02358107   46228.00000000
      -0.02358107   46232.00000000
      -0.02358107   46234.00000000
      -0.02358107   46240.00000000
      -0.02358107   46246.00000000
      -0.02358107   46262.00000000
      -0.02358107   46274.00000000
      -0.02358107   46276.00000000
      -0.02358107   46282.00000000
      -0.02358107   46286.00000000
      -0.02358107   46292.00000000
      -0.02358107   46294.00000000
      -0.02358107   46296.00000000
      -0.02358107   46298.00000000
      -0.02080102   46304.00000000
      -0.02080102   46306.00000000
      -0.02080102   46310.00000000
      -0.01536243   46318.00000000
      -0.01536243   46322.00000000
      -0.01536243   46330.00000000
      -0.01536243   46334.00000000
      -0.01536243   46338.00000000
      -0.01536243   46362.00000000
      -0.01536243   46374.00000000
      -0.01536243   46382.00000000
      -0.01536243   46390.00000000
      -0.01536243   46406.00000000
       0.00071567   46410.00000000
       0.00071567   46412.00000000
       0.00071567   46416.00000000
       0.00071567   46418.00000000
       0.00071567   46420.00000000
       0.00071567   46432.00000000
       0.00071567   46438.00000000
       0.00071567   46442.00000000
       0.00071567   46446.00000000
       0.00071567   46454.00000000
       0.01065248   46458.00000000
       0.01065248   46462.00000000
       0.01065248   46466.00000000
       0.01065248   46470.00000000
       0.01065248   46474.00000000
       0.01065248   46478.00000000
       0.01065248   46490.00000000
       0.01065248   46514.00000000
       0.01065248   46522.00000000
       0.01065248   46538.00000000
       0.01065248   46542.00000000
       0.01065248   46550.00000000
       0.01065248   46554.00000000
       0.01065248   46558.00000000
       0.01065248   46562.00000000
       0.01065248   46564.00000000
       0.01065248   46566.00000000
       0.01065248   46570.00000000
       0.01065248   46572.00000000
       0.01065248   46574.00000000
       0.01065248   46586.00000000
       0.01065248   46610.00000000
       0.01065248   46618.00000000
       0.01065248   46634.00000000
       0.01065248   46638.00000000
       0.01065248   46642.00000000
       0.01065248   46646.00000000
       0.02395053   46650.00000000
       0.02395053   46658.00000000
       0.02395053   46662.00000000
       0.02395053   46670.00000000
       0.02395053   46678.00000000
       0.02395053   46686.00000000
       0.02395053   46694.00000000
       0.02395053   46726.00000000
       0.02395053   46746.00000000
       0.02395053   46758.00000000
       0.02395053   46766.00000000
       0.02395053   46790.00000000
       0.02395053   46798.00000000
       0.02395053   46818.00000000
       0.02395053   46826.00000000
       0.02395053   46830.00000000
       0.02395053   46838.00000000
       0.02673058   46842.00000000
       0.02673058   46850.00000000
       0.02673058   46854.00000000
       0.02673058   46862.00000000
       0.02673058   46866.00000000
       0.02673058   46874.00000000
       0.02673058   46878.00000000
       0.02673058   46886.00000000
       0.04002863   46888.00000000
       0.04002863   46892.00000000
       0.04002863   46898.00000000
       0.04002863   46910.00000000
       0.04002863   46914.00000000
       0.04002863   46922.00000000
       0.04002863   46926.00000000
       0.04002863   46930.00000000
       0.04002863   46938.00000000
       0.04002863   46962.00000000
       0.04002863   46966.00000000
       0.04002863   46974.00000000
       0.04002863   46992.00000000
       0.04002863   46996.00000000
       0.04002863   47002.00000000
       0.04002863   47022.00000000
       0.04002863   47030.00000000
       0.04002863   47034.00000000
       0.04002863   47038.00000000
       0.04002863   47046.00000000
       0.04002863   47054.00000000
       0.04002863   47058.00000000
       0.04002863   47094.00000000
       0.04002863   47098.00000000
       0.04002863   47106.00000000
       0.04002863   47114.00000000
       0.04002863   47118.00000000
       0.04002863   47126.00000000
       0.04002863   47138.00000000
       0.04002863   47142.00000000
       0.04002863   47146.00000000
       0.04002863   47164.00000000
       0.04002863   47168.00000000
       0.04002863   47170.00000000
       0.04002863   47174.00000000
       0.04996544   47176.00000000
       0.04996544   47180.00000000
       0.04996544   47182.00000000
       0.04996544   47190.00000000
       0.04996544   47194.00000000
       0.04996544   47198.00000000
       0.04996544   47206.00000000
       0.04996544   47216.00000000
       0.04996544   47222.00000000
       0.06154532   47224.00000000
       0.06154532   47228.00000000
       0.06154532   47232.00000000
       0.06154532   47240.00000000
       0.06154532   47242.00000000
       0.06154532   47252.00000000
       0.06154532   47256.00000000
       0.06154532   47264.00000000
       0.06154532   47270.00000000
       0.07148213   47278.00000000
       0.07148213   47294.00000000
       0.07148213   47302.00000000
       0.07148213   47318.00000000
       0.08756023   47330.00000000
       0.08756023   47342.00000000
       0.08756023   47362.00000000
       0.08756023   47390.00000000
       0.08756023   47414.00000000
       0.08756023   47422.00000000
       0.08756023   47430.00000000
       0.08756023   47438.00000000
       0.08756023   47454.00000000
       0.08756023   47462.00000000
       0.08756023   47478.00000000
       0.08756023   47486.00000000
       0.08756023   47528.00000000
       0.08756023   47532.00000000
       0.08756023   47546.00000000
       0.08756023   47554.00000000
       0.08756023   47562.00000000
       0.08756023   47564.00000000
       0.08756023   47574.00000000
       0.08756023   47592.00000000
       0.08756023   47594.00000000
       0.08756023   47614.00000000
       0.08756023   47618.00000000
       0.08756023   47642.00000000
       0.08756023   47646.00000000
       0.08756023   47650.00000000
       0.08756023   47654.00000000
       0.10363832   47656.00000000
       0.10363832   47660.00000000
       0.10363832   47668.00000000
       0.10363832   47672.00000000
       0.10363832   47680.00000000
       0.10363832   47684.00000000
       0.10363832   47688.00000000
       0.10363832   47696.00000000
       0.10363832   47700.00000000
       0.10363832   47704.00000000
       0.10363832   47724.00000000
       0.10363832   47726.00000000
       0.10363832   47730.00000000
       0.11357513   47736.00000000
       0.11357513   47748.00000000
       0.11357513   47754.00000000
       0.11357513   47756.00000000
       0.11357513   47760.00000000
       0.11357513   47764.00000000
       0.11357513   47768.00000000
       0.11357513   47772.00000000
       0.11357513   47774.00000000
       0.11357513   47778.00000000
       0.11693637   47786.00000000
       0.11693637   47802.00000000
       0.11693637   47810.00000000
       0.11693637   47826.00000000
       0.11693637   47830.00000000
       0.11693637   47832.00000000
       0.11693637   47840.00000000
       0.11693637   47844.00000000
       0.11693637   47852.00000000
       0.11693637   47860.00000000
       0.11693637   47868.00000000
       0.11693637   47870.00000000
       0.11693637   47886.00000000
       0.11693637   47888.00000000
       0.11693637   47896.00000000
       0.11693637   47900.00000000
       0.11693637   47908.00000000
       0.11693637   47912.00000000
       0.11693637   47916.00000000
       0.11693637   47918.00000000
       0.11693637   47922.00000000
       0.12687318   47924.00000000
       0.12687318   47928.00000000
       0.12687318   47930.00000000
       0.12687318   47938.00000000
       0.12687318   47942.00000000
       0.12687318   47946.00000000
       0.12687318   47954.00000000
       0.12687318   47964.00000000
       0.12687318   47970.00000000
       0.13509183   47994.00000000
       0.13509183   48018.00000000
       0.13509183   48034.00000000
       0.13509183   48042.00000000
       0.13509183   48066.00000000
       0.15116992   48078.00000000
       0.15116992   48090.00000000
       0.15116992   48098.00000000
       0.15116992   48102.00000000
       0.15116992   48114.00000000
       0.16446797   48126.00000000
       0.16446797   48138.00000000
       0.16446797   48150.00000000
       0.16446797   48198.00000000
       0.16446797   48210.00000000
       0.16446797   48214.00000000
       0.16446797   48222.00000000
       0.16446797   48246.00000000
       0.16446797   48250.00000000
       0.16446797   48258.00000000
       0.16446797   48294.00000000
       0.16446797   48342.00000000
       0.16446797   48378.00000000
       0.16446797   48394.00000000
       0.16446797   48402.00000000
       0.17440478   48406.00000000
       0.17440478   48414.00000000
       0.17440478   48430.00000000
       0.17440478   48438.00000000
       0.17440478   48450.00000000
       0.18054607   48474.00000000
       0.18054607   48486.00000000
       0.18054607   48498.00000000
       0.18054607   48522.00000000
       0.18054607   48534.00000000
       0.18054607   48542.00000000
       0.18054607   48546.00000000
       0.19048288   48558.00000000
       0.19048288   48582.00000000
       0.19048288   48594.00000000
       0.19048288   48596.00000000
       0.19048288   48600.00000000
       0.19048288   48616.00000000
       0.19048288   48632.00000000
       0.19048288   48652.00000000
       0.19048288   48660.00000000
       0.19048288   48684.00000000
       0.19048288   48702.00000000
       0.19048288   48710.00000000
       0.19048288   48718.00000000
       0.19048288   48734.00000000
       0.19048288   48750.00000000
       0.19048288   48762.00000000
       0.21199957   48766.00000000
       0.21199957   48768.00000000
       0.21199957   48806.00000000
       0.21199957   48810.00000000
       0.21199957   48814.00000000
       0.21199957   48826.00000000
       0.21199957   48852.00000000
       0.21199957   48858.00000000
       0.22807767   48882.00000000
       0.22807767   48906.00000000
       0.22807767   48930.00000000
       0.22807767   48946.00000000
       0.22807767   48954.00000000
       0.23801448   48978.00000000
       0.23801448   49002.00000000
       0.23801448   49026.00000000
       0.23801448   49042.00000000
       0.23801448   49050.00000000
       0.24137572   49062.00000000
       0.24137572   49074.00000000
       0.24137572   49086.00000000
       0.24137572   49098.00000000
       0.24137572   49102.00000000
       0.24137572   49110.00000000
       0.24137572   49114.00000000
       0.24137572   49122.00000000
       0.24137572   49134.00000000
       0.24137572   49146.00000000
       0.24415577   49152.00000000
       0.24415577   49158.00000000
       0.25409258   49170.00000000
       0.25409258   49182.00000000
       0.25409258   49194.00000000
       0.25409258   49202.00000000
       0.25409258   49206.00000000
       0.26739062   49218.00000000
       0.26739062   49242.00000000
       0.26739062   49254.00000000
       0.26739062   49260.00000000
       0.26739062   49296.00000000
       0.26739062   49318.00000000
       0.26739062   49326.00000000
       0.26739062   49364.00000000
       0.26739062   49368.00000000
       0.26739062   49384.00000000
       0.26739062   49392.00000000
       0.26739062   49398.00000000
       0.28890732   49422.00000000
       0.28890732   49446.00000000
       0.28890732   49454.00000000
       0.28890732   49470.00000000
       0.28890732   49494.00000000
       0.30498541   49506.00000000
       0.30498541   49518.00000000
       0.30498541   49522.00000000
       0.30498541   49530.00000000
       0.30498541   49542.00000000
       0.31492223   49566.00000000
       0.31492223   49590.00000000
       0.31492223   49602.00000000
       0.31492223   49610.00000000
       0.31492223   49614.00000000
       0.31492223   49618.00000000
       0.31492223   49698.00000000
       0.31492223   49710.00000000
       0.31492223   49722.00000000
       0.31492223   49806.00000000
       0.31492223   49822.00000000
       0.31492223   49830.00000000
       0.33100032   49842.00000000
       0.33100032   49854.00000000
       0.33100032   49878.00000000
       0.33100032   49894.00000000
       0.33100032   49902.00000000
       0.33100032   49962.00000000
       0.33100032   49970.00000000
       0.33100032   49974.00000000
       0.34429837   49986.00000000
       0.34429837   50010.00000000
       0.34429837   50022.00000000
       0.34429837   50034.00000000
       0.34429837   50058.00000000
       0.34429837   50070.00000000
       0.35251702   50082.00000000
       0.35251702   50098.00000000
       0.35251702   50106.00000000
       0.35251702   50118.00000000
       0.36245383   50142.00000000
       0.36245383   50166.00000000
       0.37853192   50190.00000000
       0.37853192   50214.00000000
       0.39182997   50238.00000000
       0.39182997   50262.00000000
       0.39182997   50274.00000000
       0.39182997   50302.00000000
       0.39182997   50310.00000000
       0.39182997   50318.00000000
       0.39182997   50360.00000000
       0.39182997   50362.00000000
       0.39182997   50380.00000000
       0.39182997   50394.00000000
       0.39182997   50406.00000000
       0.39461002   50412.00000000
       0.39461002   50418.00000000
       0.40790807   50430.00000000
       0.40790807   50442.00000000
       0.40790807   50454.00000000
       0.40790807   50462.00000000
       0.40790807   50478.00000000
       0.40790807   50482.00000000
       0.40790807   50490.00000000
       0.40790807   50514.00000000
       0.41784488   50528.00000000
       0.41784488   50532.00000000
       0.41784488   50538.00000000
       0.41784488   50556.00000000
       0.41784488   50562.00000000
       0.42120612   50568.00000000
       0.42120612   50580.00000000
       0.42120612   50586.00000000
       0.42120612   50592.00000000
       0.42120612   50604.00000000
       0.42120612   50610.00000000
       0.43936157   50634.00000000
       0.43936157   50642.00000000
       0.43936157   50682.00000000
       0.43936157   50706.00000000
       0.45543967   50722.00000000
       0.45543967   50734.00000000
       0.45543967   50738.00000000
       0.45543967   50746.00000000
       0.45543967   50846.00000000
       0.45543967   50874.00000000
       0.45543967   50890.00000000
       0.45543967   50898.00000000
       0.46873772   50922.00000000
       0.46873772   50946.00000000
       0.46873772   50970.00000000
       0.46873772   50986.00000000
       0.46873772   50994.00000000
       0.47151776   51010.00000000
       0.47151776   51018.00000000
       0.47695636   51020.00000000
       0.47695636   51024.00000000
       0.47695636   51026.00000000
       0.47695636   51032.00000000
       0.47695636   51034.00000000
       0.48481581   51046.00000000
       0.48481581   51058.00000000
       0.48481581   51070.00000000
       0.48481581   51078.00000000
       0.48481581   51082.00000000
       0.49475262   51110.00000000
       0.49475262   51118.00000000
       0.49475262   51130.00000000
       0.49475262   51166.00000000
       0.49475262   51178.00000000
       0.51626932   51202.00000000
       0.51626932   51226.00000000
       0.53234741   51250.00000000
       0.53234741   51266.00000000
       0.53234741   51274.00000000
       0.53234741   51346.00000000
       0.53234741   51362.00000000
       0.53234741   51370.00000000
       0.54228422   51434.00000000
       0.54228422   51442.00000000
       0.54228422   51458.00000000
       0.54228422   51466.00000000
       0.54842551   51472.00000000
       0.54842551   51478.00000000
       0.55836232   51526.00000000
       0.55836232   51540.00000000
       0.55836232   51562.00000000
       0.55836232   51570.00000000
       0.55836232   51574.00000000
       0.57166037   51588.00000000
       0.57166037   51592.00000000
       0.57166037   51622.00000000
       0.57987901   51626.00000000
       0.57987901   51628.00000000
       0.57987901   51696.00000000
       0.57987901   51702.00000000
       0.57987901   51764.00000000
       0.57987901   51766.00000000
       0.59595711   51790.00000000
       0.59595711   51814.00000000
       0.61919197   51870.00000000
       0.61919197   51882.00000000
       0.61919197   51902.00000000
       0.61919197   51910.00000000
       0.63527007   51970.00000000
       0.63527007   52000.00000000
       0.63527007   52034.00000000
       0.63527007   52046.00000000
       0.63527007   52054.00000000
       0.65678676   52058.00000000
       0.65678676   52060.00000000
       0.65678676   52080.00000000
       0.65678676   52086.00000000
       0.65678676   52100.00000000
       0.65678676   52102.00000000
       0.66672357   52126.00000000
       0.66672357   52150.00000000
       0.68280167   52158.00000000
       0.68280167   52164.00000000
       0.68280167   52256.00000000
       0.68280167   52258.00000000
       0.68280167   52342.00000000
       0.69887976   52372.00000000
       0.69887976   52402.00000000
       0.70431836   52414.00000000
       0.70431836   52438.00000000
       0.70431836   52450.00000000
       0.71217781   52470.00000000
       0.71217781   52478.00000000
       0.71217781   52490.00000000
       0.71217781   52494.00000000
       0.71217781   52498.00000000
       0.72039646   52504.00000000
       0.72039646   52516.00000000
       0.72039646   52522.00000000
       0.75970941   52542.00000000
       0.75970941   52550.00000000
       0.75970941   52634.00000000
       0.75970941   52646.00000000
       0.75970941   52714.00000000
       0.77578751   52738.00000000
       0.77578751   52762.00000000
       0.78572432   52768.00000000
       0.78572432   52778.00000000
       0.80724101   52802.00000000
       0.80724101   52906.00000000
       0.80724101   52914.00000000
       0.80724101   52922.00000000
       0.82331911   52934.00000000
       0.82331911   53010.00000000
       0.82331911   53014.00000000
       0.82331911   53018.00000000
       0.83661716   53028.00000000
       0.83661716   53032.00000000
       0.83661716   53048.00000000
       0.83661716   53058.00000000
       0.83661716   53066.00000000
       0.83939721   53078.00000000
       0.86263206   53090.00000000
       0.86263206   53102.00000000
       0.86263206   53126.00000000
       0.88414876   53150.00000000
       0.88414876   53206.00000000
       0.88414876   53214.00000000
       0.88414876   53222.00000000
       0.90022685   53234.00000000
       0.90022685   53262.00000000
       0.90022685   53266.00000000
       0.90022685   53270.00000000
       0.91016366   53290.00000000
       0.91016366   53298.00000000
       0.91016366   53310.00000000
       0.91016366   53314.00000000
       0.91016366   53318.00000000
       0.92624176   53328.00000000
       0.92624176   53332.00000000
       0.92624176   53338.00000000
       0.92624176   53340.00000000
       0.92624176   53342.00000000
       0.93168036   53366.00000000
       0.93168036   53390.00000000
       0.93953981   53402.00000000
       0.93953981   53414.00000000
       0.93953981   53438.00000000
       0.94775845   53462.00000000
       0.94775845   53486.00000000
       0.96383655   53492.00000000
       0.96383655   53498.00000000
       0.98707141   53538.00000000
       0.98707141   53554.00000000
       0.98707141   53578.00000000
       0.98707141   53586.00000000
       0.98707141   53594.00000000
       1.00314951   53622.00000000
       1.00314951   53630.00000000
       1.00314951   53642.00000000
       1.01644755   53658.00000000
       1.03460301   53682.00000000
       1.03460301   53706.00000000
       1.05068111   53754.00000000
       1.06397916   53790.00000000
       1.06397916   53794.00000000
       1.06397916   53802.00000000
       1.06675920   53808.00000000
       1.06675920   53814.00000000
       1.08005725   53828.00000000
       1.08005725   53832.00000000
       1.08005725   53838.00000000
       1.11151076   53862.00000000
       1.11151076   53886.00000000
       1.12758885   53934.00000000
       1.14366695   53940.00000000
       1.14366695   53946.00000000
       1.15904236   53962.00000000
       1.17512045   53986.00000000
       1.19119855   53998.00000000
       1.20727665   54000.00000000
