      -3.20727665    1476.93794747
      -3.20286209    1510.69529185
      -3.19844754    1545.15613305
      -3.19403299    1580.27235614
      -3.18961843    1615.99279420
      -3.18520388    1652.26412819
      -3.18078933    1689.03173849
      -3.17637477    1726.24046271
      -3.17196022    1763.83523687
      -3.16754567    1801.76162412
      -3.16313111    1839.96626322
      -3.15871656    1878.39729025
      -3.15430201    1917.00479667
      -3.14988745    1955.74137955
      -3.14547290    1994.56281409
      -3.14105835    2033.42883797
      -3.13664379    2072.30398796
      -3.13222924    2111.15838170
      -3.12781469    2149.96830478
      -3.12340013    2188.71645397
      -3.11898558    2227.39171017
      -3.11457103    2265.98836900
      -3.11015647    2304.50483663
      -3.10574192    2342.94189014
      -3.10132737    2381.30068896
      -3.09691281    2419.58078726
      -3.09249826    2457.77842303
      -3.08808371    2495.88533922
      -3.08366915    2533.88832618
      -3.07925460    2571.76957381
      -3.07484005    2609.50780194
      -3.07042549    2647.08002009
      -3.06601094    2684.46367353
      -3.06159639    2721.63887664
      -3.05718184    2758.59042610
      -3.05276728    2795.30932590
      -3.04835273    2831.79363515
      -3.04393818    2868.04855471
      -3.03952362    2904.08578270
      -3.03510907    2939.92227342
      -3.03069452    2975.57861369
      -3.02627996    3011.07727312
      -3.02186541    3046.44098345
      -3.01745086    3081.69145767
      -3.01303630    3116.84857837
      -3.00862175    3151.93008070
      -3.00420720    3186.95164768
      -2.99979264    3221.92724465
      -2.99537809    3256.86946656
      -2.99096354    3291.78966887
      -2.98654898    3326.69770560
      -2.98213443    3361.60119688
      -2.97771988    3396.50437496
      -2.97330532    3431.40668340
      -2.96889077    3466.30140039
      -2.96447622    3501.17459924
      -2.96006166    3536.00473539
      -2.95564711    3570.76306253
      -2.95123256    3605.41494955
      -2.94681800    3639.92202261
      -2.94240345    3674.24492574
      -2.93798890    3708.34640485
      -2.93357434    3742.19438924
      -2.92915979    3775.76477223
      -2.92474524    3809.04366448
      -2.92033068    3842.02898753
      -2.91591613    3874.73136532
      -2.91150158    3907.17433788
      -2.90708702    3939.39395347
      -2.90267247    3971.43779314
      -2.89825792    4003.36345765
      -2.89384336    4035.23651705
      -2.88942881    4067.12790715
      -2.88501426    4099.11076766
      -2.88059970    4131.25676083
      -2.87618515    4163.63198270
      -2.87177060    4196.29267053
      -2.86735604    4229.28100041
      -2.86294149    4262.62133933
      -2.85852694    4296.31734639
      -2.85411238    4330.35029651
      -2.84969783    4364.67892174
      -2.84528328    4399.24093488
      -2.84086872    4433.95623139
      -2.83645417    4468.73158008
      -2.83203962    4503.46643619
      -2.82762506    4538.05937035
      -2.82321051    4572.41452576
      -2.81879596    4606.44751193
      -2.81438140    4640.09021994
      -2.80996685    4673.29419509
      -2.80555230    4706.03240572
      -2.80113774    4738.29946977
      -2.79672319    4770.11060273
      -2.79230864    4801.49969430
      -2.78789408    4832.51697416
      -2.78347953    4863.22667817
      -2.77906498    4893.70498260
      -2.77465042    4924.03826888
      -2.77023587    4954.32156316
      -2.76582132    4984.65681989
      -2.76140676    5015.15063549
      -2.75699221    5045.91101631
      -2.75257766    5077.04298372
      -2.74816310    5108.64305024
      -2.74374855    5140.79288880
      -2.73933400    5173.55277989
      -2.73491944    5206.95559822
      -2.73050489    5241.00215151
      -2.72609034    5275.65859678
      -2.72167578    5310.85644896
      -2.71726123    5346.49540128
      -2.71284668    5382.44884698
      -2.70843212    5418.57167719
      -2.70401757    5454.70967520
      -2.69960302    5490.70965947
      -2.69518846    5526.42946386
      -2.69077391    5561.74688287
      -2.68635936    5596.56684398
      -2.68194481    5630.82627962
      -2.67753025    5664.49643229
      -2.67311570    5697.58260676
      -2.66870115    5730.12164673
      -2.66428659    5762.17762485
      -2.65987204    5793.83636453
      -2.65545749    5825.19944220
      -2.65104293    5856.37824911
      -2.64662838    5887.48854131
      -2.64221383    5918.64570900
      -2.63779927    5949.96079660
      -2.63338472    5981.53714540
      -2.62897017    6013.46744433
      -2.62455561    6045.83097756
      -2.62014106    6078.69094121
      -2.61572651    6112.09184075
      -2.61131195    6146.05713369
      -2.60689740    6180.58740712
      -2.60248285    6215.65944085
      -2.59806829    6251.22648540
      -2.59365374    6287.21998315
      -2.58923919    6323.55280153
      -2.58482463    6360.12386443
      -2.58041008    6396.82390016
      -2.57599553    6433.54190197
      -2.57158097    6470.17183742
      -2.56716642    6506.61914378
      -2.56275187    6542.80659296
      -2.55833731    6578.67917725
      -2.55392276    6614.20773559
      -2.54950821    6649.39109676
      -2.54509365    6684.25656275
      -2.54067910    6718.85860596
      -2.53626455    6753.27572504
      -2.53184999    6787.60551177
      -2.52743544    6821.95812610
      -2.52302089    6856.44854759
      -2.51860633    6891.18814017
      -2.51419178    6926.27620122
      -2.50977723    6961.79223261
      -2.50536267    6997.78965166
      -2.50094812    7034.29154846
      -2.49653357    7071.28890872
      -2.49211901    7108.74148162
      -2.48770446    7146.58121467
      -2.48328991    7184.71793110
      -2.47887535    7223.04671653
      -2.47446080    7261.45632791
      -2.47004625    7299.83785208
      -2.46563169    7338.09283077
      -2.46121714    7376.14013826
      -2.45680259    7413.92104413
      -2.45238803    7451.40210704
      -2.44797348    7488.57580383
      -2.44355893    7525.45906928
      -2.43914437    7562.09016567
      -2.43472982    7598.52447891
      -2.43031527    7634.82991776
      -2.42590071    7671.08255994
      -2.42148616    7707.36304983
      -2.41707161    7743.75403105
      -2.41265705    7780.33863541
      -2.40824250    7817.19979479
      -2.40382795    7854.41994204
      -2.39941339    7892.08055847
      -2.39499884    7930.26103084
      -2.39058429    7969.03640262
      -2.38616973    8008.47382412
      -2.38175518    8048.62778744
      -2.37734063    8089.53452615
      -2.37292607    8131.20621210
      -2.36851152    8173.62574715
      -2.36409697    8216.74299280
      -2.35968241    8260.47319591
      -2.35526786    8304.69816613
      -2.35085331    8349.27046874
      -2.34643875    8394.02055826
      -2.34202420    8438.76643478
      -2.33760965    8483.32509935
      -2.33319509    8527.52484937
      -2.32878054    8571.21731611
      -2.32436599    8614.28812251
      -2.31995143    8656.66513887
      -2.31553688    8698.32353492
      -2.31112233    8739.28715112
      -2.30670778    8779.62610655
      -2.30229322    8819.45097435
      -2.29787867    8858.90422986
      -2.29346412    8898.14995389
      -2.28904956    8937.36291111
      -2.28463501    8976.71810254
      -2.28022046    9016.38172349
      -2.27580590    9056.50417935
      -2.27139135    9097.21547499
      -2.26697680    9138.62295569
      -2.26256224    9180.81108723
      -2.25814769    9223.84275266
      -2.25373314    9267.76142876
      -2.24931858    9312.59358586
      -2.24490403    9358.35072156
      -2.24048948    9405.03057713
      -2.23607492    9452.61728131
      -2.23166037    9501.08039859
      -2.22724582    9550.37310705
      -2.22283126    9600.42996027
      -2.21841671    9651.16486484
      -2.21400216    9702.46999200
      -2.20958760    9754.21631285
      -2.20517305    9806.25629214
      -2.20075850    9858.42900763
      -2.19634394    9910.56761748
      -2.19192939    9962.50872679
      -2.18751484   10014.10286867
      -2.18310028   10065.22506880
      -2.17868573   10115.78435067
      -2.17427118   10165.73108262
      -2.16985662   10215.06126773
      -2.16544207   10263.81720911
      -2.16102752   10312.08440287
      -2.15661296   10359.98496099
      -2.15219841   10407.66828233
      -2.14778386   10455.30000927
      -2.14336930   10503.05048411
      -2.13895475   10551.08392595
      -2.13454020   10599.54939161
      -2.13012564   10648.57429369
      -2.12571109   10698.26087706
      -2.12129654   10748.68566322
      -2.11688198   10799.90151367
      -2.11246743   10851.94168005
      -2.10805288   10904.82502354
      -2.10363832   10958.56150435
      -2.09922377   11013.15706317
      -2.09480922   11068.61713376
      -2.09039466   11124.94823185
      -2.08598011   11182.15735090
      -2.08156556   11240.24923746
      -2.07715100   11299.22198257
      -2.07273645   11359.06169632
      -2.06832190   11419.73726877
      -2.06390734   11481.19630394
      -2.05949279   11543.36320970
      -2.05507824   11606.14013500
      -2.05066368   11669.41100842
      -2.04624913   11733.04842171
      -2.04183458   11796.92261278
      -2.03742002   11860.91142537
      -2.03300547   11924.90992629
      -2.02859092   11988.83838186
      -2.02417636   12052.64752675
      -2.01976181   12116.32046087
      -2.01534726   12179.87101430
      -2.01093270   12243.33894633
      -2.00651815   12306.78281021
      -2.00210360   12370.27164981
      -1.99768904   12433.87684835
      -1.99327449   12497.66539788
      -1.98885994   12561.69561162
      -1.98444538   12626.01589470
      -1.98003083   12690.66668860
      -1.97561628   12755.68518734
      -1.97120172   12821.11197083
      -1.96678717   12886.99838029
      -1.96237262   12953.41331755
      -1.95795806   13020.44820064
      -1.95354351   13088.21904000
      -1.94912896   13156.86497773
      -1.94471440   13226.54310348
      -1.94029985   13297.41986462
      -1.93588530   13369.65985960
      -1.93147075   13443.41318077
      -1.92705619   13518.80270198
      -1.92264164   13595.91275100
      -1.91822709   13674.78045434
      -1.91381253   13755.39071161
      -1.90939798   13837.67529951
      -1.90498343   13921.51609716
      -1.90056887   14006.75194913
      -1.89615432   14093.18831522
      -1.89173977   14180.60864369
      -1.88732521   14268.78635945
      -1.88291066   14357.49645606
      -1.87849611   14446.52587705
      -1.87408155   14535.68211477
      -1.86966700   14624.79970329
      -1.86525245   14713.74451081
      -1.86083789   14802.41593682
      -1.85642334   14890.74729048
      -1.85200879   14978.70476502
      -1.84759423   15066.28551661
      -1.84317968   15153.51538614
      -1.83876513   15240.44674750
      -1.83435057   15327.15681911
      -1.82993602   15413.74654557
      -1.82552147   15500.33988105
      -1.82110691   15587.08303366
      -1.81669236   15674.14302102
      -1.81227781   15761.70478644
      -1.80786325   15849.96616112
      -1.80344870   15939.13013289
      -1.79903415   16029.39417560
      -1.79461959   16120.93677215
      -1.79020504   16213.90168564
      -1.78579049   16308.38095448
      -1.78137593   16404.39796151
      -1.77696138   16501.89221011
      -1.77254683   16600.70758087
      -1.76813227   16700.58580027
      -1.76371772   16801.16659232
      -1.75930317   16901.99549732
      -1.75488861   17002.53964823
      -1.75047406   17102.21095481
      -1.74605951   17200.39525070
      -1.74164495   17296.48513279
      -1.73723040   17389.91359402
      -1.73281585   17480.18524339
      -1.72840129   17566.90200410
      -1.72398674   17649.78071456
      -1.71957219   17728.66098633
      -1.71515763   17803.50288439
      -1.71074308   17874.37530916
      -1.70632853   17941.43716068
      -1.70191397   18004.91423710
      -1.69749942   18065.07519582
      -1.69308487   18122.20970807
      -1.68867031   18176.61120212
      -1.68425576   18228.56546764
      -1.67984121   18278.34511495
      -1.67542665   18326.20871444
      -1.67101210   18372.40261642
      -1.66659755   18417.16312245
      -1.66218299   18460.71687998
      -1.65776844   18503.27802163
      -1.65335389   18545.04149941
      -1.64893933   18586.17306323
      -1.64452478   18626.79720666
      -1.64011023   18666.98500576
      -1.63569567   18706.74403464
      -1.63128112   18746.01244386
      -1.62686657   18784.65887379
      -1.62245201   18822.48921167
      -1.61803746   18859.26037090
      -1.61362291   18894.70036640
      -1.60920835   18928.53308380
      -1.60479380   18960.50540415
      -1.60037925   18990.41386053
      -1.59596469   19018.12786118
      -1.59155014   19043.60676623
      -1.58713559   19066.90874123
      -1.58272103   19088.19024997
      -1.57830648   19107.69615218
      -1.57389193   19125.74146731
      -1.56947737   19142.68678641
      -1.56506282   19158.90993346
      -1.56064827   19174.77673111
      -1.55623372   19190.61361723
      -1.55181916   19206.68444982
      -1.54740461   19223.17322765
      -1.54299006   19240.17375198
      -1.53857550   19257.68656289
      -1.53416095   19275.62287731
      -1.52974640   19293.81477834
      -1.52533184   19312.03056673
      -1.52091729   19329.99397079
      -1.51650274   19347.40578875
      -1.51208818   19363.96647916
      -1.50767363   19379.39820032
      -1.50325908   19393.46483372
      -1.49884452   19405.98863294
      -1.49442997   19416.86235253
      -1.49001542   19426.05605927
      -1.48560086   19433.61830718
      -1.48118631   19439.67192422
      -1.47677176   19444.40522640
      -1.47235720   19448.05993425
      -1.46794265   19450.91731799
      -1.46352810   19453.28407934
      -1.45911354   19455.47919145
      -1.45469899   19457.82243059
      -1.45028444   19460.62475628
      -1.44586988   19464.18016301
      -1.44145533   19468.75825223
      -1.43704078   19474.59663324
      -1.43262622   19481.89237856
      -1.42821167   19490.79210453
      -1.42379712   19501.38075544
      -1.41938256   19513.66975077
      -1.41496801   19527.58571568
      -1.41055346   19542.96146029
      -1.40613890   19559.53111927
      -1.40172435   19576.93133718
      -1.39730980   19594.71003983
      -1.39289524   19612.34366010
      -1.38848069   19629.26273410
      -1.38406614   19644.88465944
      -1.37965158   19658.65127919
      -1.37523703   19670.06801821
      -1.37082248   19678.74074747
      -1.36640792   19684.40652136
      -1.36199337   19686.95487140
      -1.35757882   19686.43738254
      -1.35316426   19683.06466105
      -1.34874971   19677.19129564
      -1.34433516   19669.29076953
      -1.33992060   19659.92329286
      -1.33550605   19649.70005958
      -1.33109150   19639.24745289
      -1.32667694   19629.17427876
      -1.32226239   19620.04431677
      -1.31784784   19612.35549765
      -1.31343328   19606.52601035
      -1.30901873   19602.88675561
      -1.30460418   19601.67890774
      -1.30018962   19603.05498691
      -1.29577507   19607.08179637
      -1.29136052   19613.74381169
      -1.28694596   19622.94605614
      -1.28253141   19634.51606744
      -1.27811686   19648.20515947
      -1.27370230   19663.68971622
      -1.26928775   19680.57365028
      -1.26487320   19698.39335637
      -1.26045864   19716.62646055
      -1.25604409   19734.70539110
      -1.25162954   19752.03629247
      -1.24721498   19768.02310837
      -1.24280043   19782.09585232
      -1.23838588   19793.74127523
      -1.23397132   19802.53346839
      -1.22955677   19808.16154281
      -1.22514222   19810.45151197
      -1.22072766   19809.37991712
      -1.21631311   19805.07753494
      -1.21189856   19797.82257474
      -1.20748400   19788.02393015
      -1.20306945   19776.19610523
      -1.19865490   19762.92822731
      -1.19424034   19748.84999307
      -1.18982579   19734.59745294
      -1.18541124   19720.78127126
      -1.18099669   19707.95959477
      -1.17658213   19696.61701863
      -1.17216758   19687.15044124
      -1.16775303   19679.86190891
      -1.16333847   19674.95791311
      -1.15892392   19672.55405250
      -1.15450937   19672.68355143
      -1.15009481   19675.30787927
      -1.14568026   19680.32768266
      -1.14126571   19687.59244747
      -1.13685115   19696.90773791
      -1.13243660   19708.03946694
      -1.12802205   19720.71534750
      -1.12360749   19734.62435166
      -1.11919294   19749.41555246
      -1.11477839   19764.69804662
      -1.11036383   19780.04369333
      -1.10594928   19794.99413196
      -1.10153473   19809.07298434
      -1.09712017   19821.80337152
      -1.09270562   19832.72998794
      -1.08829107   19841.44411024
      -1.08387651   19847.60921711
      -1.07946196   19850.98449122
      -1.07504741   19851.44345535
      -1.07063285   19848.98539155
      -1.06621830   19843.73795893
      -1.06180375   19835.95044634
      -1.05738919   19825.97820689
      -1.05297464   19814.25984529
      -1.04856009   19801.28951443
      -1.04414553   19787.58712481
      -1.03973098   19773.66934368
      -1.03531643   19760.02398234
      -1.03090187   19747.08980351
      -1.02648732   19735.24301368
      -1.02207277   19724.79083404
      -1.01765821   19715.97166638
      -1.01324366   19708.96058596
      -1.00882911   19703.87829311
      -1.00441455   19700.80132230
      -1.00000000   19699.77129462
      -0.99558545   19700.80132230
      -0.99117089   19703.87829311
      -0.98675634   19708.96058596
      -0.98234179   19715.97166638
      -0.97792723   19724.79083404
      -0.97351268   19735.24301368
      -0.96909813   19747.08980351
      -0.96468357   19760.02398234
      -0.96026902   19773.66934369
      -0.95585447   19787.58712481
      -0.95143991   19801.28951443
      -0.94702536   19814.25984529
      -0.94261081   19825.97820689
      -0.93819625   19835.95044634
      -0.93378170   19843.73795893
      -0.92936715   19848.98539155
      -0.92495259   19851.44345535
      -0.92053804   19850.98449122
      -0.91612349   19847.60921711
      -0.91170893   19841.44411024
      -0.90729438   19832.72998794
      -0.90287983   19821.80337152
      -0.89846527   19809.07298434
      -0.89405072   19794.99413196
      -0.88963617   19780.04369333
      -0.88522161   19764.69804662
      -0.88080706   19749.41555246
      -0.87639251   19734.62435166
      -0.87197795   19720.71534750
      -0.86756340   19708.03946695
      -0.86314885   19696.90773791
      -0.85873429   19687.59244746
      -0.85431974   19680.32768266
      -0.84990519   19675.30787927
      -0.84549063   19672.68355143
      -0.84107608   19672.55405250
      -0.83666153   19674.95791311
      -0.83224697   19679.86190891
      -0.82783242   19687.15044124
      -0.82341787   19696.61701864
      -0.81900331   19707.95959477
      -0.81458876   19720.78127126
      -0.81017421   19734.59745294
      -0.80575966   19748.84999307
      -0.80134510   19762.92822731
      -0.79693055   19776.19610523
      -0.79251600   19788.02393015
      -0.78810144   19797.82257474
      -0.78368689   19805.07753494
      -0.77927234   19809.37991712
      -0.77485778   19810.45151197
      -0.77044323   19808.16154281
      -0.76602868   19802.53346839
      -0.76161412   19793.74127523
      -0.75719957   19782.09585232
      -0.75278502   19768.02310837
      -0.74837046   19752.03629247
      -0.74395591   19734.70539111
      -0.73954136   19716.62646055
      -0.73512680   19698.39335637
      -0.73071225   19680.57365028
      -0.72629770   19663.68971622
      -0.72188314   19648.20515947
      -0.71746859   19634.51606744
      -0.71305404   19622.94605613
      -0.70863948   19613.74381169
      -0.70422493   19607.08179637
      -0.69981038   19603.05498691
      -0.69539582   19601.67890774
      -0.69098127   19602.88675562
      -0.68656672   19606.52601035
      -0.68215216   19612.35549765
      -0.67773761   19620.04431677
      -0.67332306   19629.17427876
      -0.66890850   19639.24745289
      -0.66449395   19649.70005958
      -0.66007940   19659.92329286
      -0.65566484   19669.29076953
      -0.65125029   19677.19129564
      -0.64683574   19683.06466105
      -0.64242118   19686.43738254
      -0.63800663   19686.95487140
      -0.63359208   19684.40652136
      -0.62917752   19678.74074747
      -0.62476297   19670.06801821
      -0.62034842   19658.65127919
      -0.61593386   19644.88465943
      -0.61151931   19629.26273409
      -0.60710476   19612.34366011
      -0.60269020   19594.71003983
      -0.59827565   19576.93133718
      -0.59386110   19559.53111927
      -0.58944654   19542.96146029
      -0.58503199   19527.58571568
      -0.58061744   19513.66975077
      -0.57620288   19501.38075544
      -0.57178833   19490.79210453
      -0.56737378   19481.89237856
      -0.56295922   19474.59663324
      -0.55854467   19468.75825223
      -0.55413012   19464.18016301
      -0.54971556   19460.62475628
      -0.54530101   19457.82243059
      -0.54088646   19455.47919145
      -0.53647190   19453.28407934
      -0.53205735   19450.91731799
      -0.52764280   19448.05993424
      -0.52322824   19444.40522640
      -0.51881369   19439.67192422
      -0.51439914   19433.61830718
      -0.50998458   19426.05605927
      -0.50557003   19416.86235253
      -0.50115548   19405.98863294
      -0.49674092   19393.46483372
      -0.49232637   19379.39820032
      -0.48791182   19363.96647916
      -0.48349726   19347.40578874
      -0.47908271   19329.99397079
      -0.47466816   19312.03056673
      -0.47025360   19293.81477834
      -0.46583905   19275.62287732
      -0.46142450   19257.68656290
      -0.45700994   19240.17375198
      -0.45259539   19223.17322765
      -0.44818084   19206.68444982
      -0.44376628   19190.61361723
      -0.43935173   19174.77673111
      -0.43493718   19158.90993346
      -0.43052263   19142.68678641
      -0.42610807   19125.74146731
      -0.42169352   19107.69615218
      -0.41727897   19088.19024997
      -0.41286441   19066.90874123
      -0.40844986   19043.60676623
      -0.40403531   19018.12786118
      -0.39962075   18990.41386053
      -0.39520620   18960.50540415
      -0.39079165   18928.53308380
      -0.38637709   18894.70036640
      -0.38196254   18859.26037090
      -0.37754799   18822.48921166
      -0.37313343   18784.65887379
      -0.36871888   18746.01244386
      -0.36430433   18706.74403464
      -0.35988977   18666.98500576
      -0.35547522   18626.79720666
      -0.35106067   18586.17306323
      -0.34664611   18545.04149940
      -0.34223156   18503.27802163
      -0.33781701   18460.71687998
      -0.33340245   18417.16312245
      -0.32898790   18372.40261642
      -0.32457335   18326.20871444
      -0.32015879   18278.34511495
      -0.31574424   18228.56546764
      -0.31132969   18176.61120212
      -0.30691513   18122.20970807
      -0.30250058   18065.07519582
      -0.29808603   18004.91423710
      -0.29367147   17941.43716068
      -0.28925692   17874.37530916
      -0.28484237   17803.50288439
      -0.28042781   17728.66098633
      -0.27601326   17649.78071456
      -0.27159871   17566.90200410
      -0.26718415   17480.18524339
      -0.26276960   17389.91359402
      -0.25835505   17296.48513279
      -0.25394049   17200.39525070
      -0.24952594   17102.21095480
      -0.24511139   17002.53964823
      -0.24069683   16901.99549732
      -0.23628228   16801.16659232
      -0.23186773   16700.58580027
      -0.22745317   16600.70758087
      -0.22303862   16501.89221011
      -0.21862407   16404.39796151
      -0.21420951   16308.38095448
      -0.20979496   16213.90168564
      -0.20538041   16120.93677215
      -0.20096585   16029.39417560
      -0.19655130   15939.13013289
      -0.19213675   15849.96616112
      -0.18772219   15761.70478644
      -0.18330764   15674.14302102
      -0.17889309   15587.08303366
      -0.17447853   15500.33988105
      -0.17006398   15413.74654557
      -0.16564943   15327.15681911
      -0.16123487   15240.44674750
      -0.15682032   15153.51538613
      -0.15240577   15066.28551661
      -0.14799121   14978.70476502
      -0.14357666   14890.74729048
      -0.13916211   14802.41593682
      -0.13474755   14713.74451081
      -0.13033300   14624.79970329
      -0.12591845   14535.68211477
      -0.12150389   14446.52587705
      -0.11708934   14357.49645606
      -0.11267479   14268.78635945
      -0.10826023   14180.60864369
      -0.10384568   14093.18831522
      -0.09943113   14006.75194913
      -0.09501657   13921.51609716
      -0.09060202   13837.67529951
      -0.08618747   13755.39071161
      -0.08177291   13674.78045434
      -0.07735836   13595.91275100
      -0.07294381   13518.80270198
      -0.06852925   13443.41318077
      -0.06411470   13369.65985960
      -0.05970015   13297.41986462
      -0.05528560   13226.54310348
      -0.05087104   13156.86497773
      -0.04645649   13088.21904000
      -0.04204194   13020.44820064
      -0.03762738   12953.41331755
      -0.03321283   12886.99838029
      -0.02879828   12821.11197083
      -0.02438372   12755.68518734
      -0.01996917   12690.66668860
      -0.01555462   12626.01589470
      -0.01114006   12561.69561162
      -0.00672551   12497.66539788
      -0.00231096   12433.87684835
       0.00210360   12370.27164981
       0.00651815   12306.78281020
       0.01093270   12243.33894633
       0.01534726   12179.87101430
       0.01976181   12116.32046087
       0.02417636   12052.64752675
       0.02859092   11988.83838186
       0.03300547   11924.90992629
       0.03742002   11860.91142537
       0.04183458   11796.92261278
       0.04624913   11733.04842171
       0.05066368   11669.41100842
       0.05507824   11606.14013500
       0.05949279   11543.36320970
       0.06390734   11481.19630394
       0.06832190   11419.73726877
       0.07273645   11359.06169632
       0.07715100   11299.22198257
       0.08156556   11240.24923746
       0.08598011   11182.15735090
       0.09039466   11124.94823185
       0.09480922   11068.61713376
       0.09922377   11013.15706317
       0.10363832   10958.56150435
       0.10805288   10904.82502354
       0.11246743   10851.94168005
       0.11688198   10799.90151367
       0.12129654   10748.68566322
       0.12571109   10698.26087706
       0.13012564   10648.57429369
       0.13454020   10599.54939161
       0.13895475   10551.08392595
       0.14336930   10503.05048411
       0.14778386   10455.30000927
       0.15219841   10407.66828233
       0.15661296   10359.98496099
       0.16102752   10312.08440287
       0.16544207   10263.81720911
       0.16985662   10215.06126773
       0.17427118   10165.73108262
       0.17868573   10115.78435067
       0.18310028   10065.22506880
       0.18751484   10014.10286867
       0.19192939    9962.50872679
       0.19634394    9910.56761748
       0.20075850    9858.42900763
       0.20517305    9806.25629214
       0.20958760    9754.21631285
       0.21400216    9702.46999200
       0.21841671    9651.16486485
       0.22283126    9600.42996027
       0.22724582    9550.37310705
       0.23166037    9501.08039859
       0.23607492    9452.61728131
       0.24048948    9405.03057713
       0.24490403    9358.35072156
       0.24931858    9312.59358586
       0.25373314    9267.76142875
       0.25814769    9223.84275266
       0.26256224    9180.81108723
       0.26697680    9138.62295569
       0.27139135    9097.21547499
       0.27580590    9056.50417935
       0.28022046    9016.38172349
       0.28463501    8976.71810254
       0.28904956    8937.36291111
       0.29346412    8898.14995389
       0.29787867    8858.90422986
       0.30229322    8819.45097435
       0.30670778    8779.62610655
       0.31112233    8739.28715112
       0.31553688    8698.32353492
       0.31995143    8656.66513887
       0.32436599    8614.28812251
       0.32878054    8571.21731612
       0.33319509    8527.52484938
       0.33760965    8483.32509935
       0.34202420    8438.76643478
       0.34643875    8394.02055826
       0.35085331    8349.27046874
       0.35526786    8304.69816613
       0.35968241    8260.47319591
       0.36409697    8216.74299280
       0.36851152    8173.62574715
       0.37292607    8131.20621210
       0.37734063    8089.53452616
       0.38175518    8048.62778744
       0.38616973    8008.47382412
       0.39058429    7969.03640262
       0.39499884    7930.26103084
       0.39941339    7892.08055847
       0.40382795    7854.41994204
       0.40824250    7817.19979479
       0.41265705    7780.33863541
       0.41707161    7743.75403105
       0.42148616    7707.36304983
       0.42590071    7671.08255994
       0.43031527    7634.82991776
       0.43472982    7598.52447891
       0.43914437    7562.09016567
       0.44355893    7525.45906928
       0.44797348    7488.57580383
       0.45238803    7451.40210704
       0.45680259    7413.92104413
       0.46121714    7376.14013826
       0.46563169    7338.09283077
       0.47004625    7299.83785208
       0.47446080    7261.45632791
       0.47887535    7223.04671653
       0.48328991    7184.71793110
       0.48770446    7146.58121467
       0.49211901    7108.74148162
       0.49653357    7071.28890872
       0.50094812    7034.29154846
       0.50536267    6997.78965166
       0.50977723    6961.79223261
       0.51419178    6926.27620122
       0.51860633    6891.18814017
       0.52302089    6856.44854759
       0.52743544    6821.95812610
       0.53184999    6787.60551177
       0.53626455    6753.27572504
       0.54067910    6718.85860596
       0.54509365    6684.25656275
       0.54950821    6649.39109676
       0.55392276    6614.20773559
       0.55833731    6578.67917725
       0.56275187    6542.80659296
       0.56716642    6506.61914378
       0.57158097    6470.17183742
       0.57599553    6433.54190197
       0.58041008    6396.82390016
       0.58482463    6360.12386443
       0.58923919    6323.55280153
       0.59365374    6287.21998315
       0.59806829    6251.22648540
       0.60248285    6215.65944085
       0.60689740    6180.58740712
       0.61131195    6146.05713369
       0.61572651    6112.09184075
       0.62014106    6078.69094121
       0.62455561    6045.83097756
       0.62897017    6013.46744433
       0.63338472    5981.53714540
       0.63779927    5949.96079660
       0.64221383    5918.64570899
       0.64662838    5887.48854132
       0.65104293    5856.37824911
       0.65545749    5825.19944220
       0.65987204    5793.83636453
       0.66428659    5762.17762485
       0.66870115    5730.12164673
       0.67311570    5697.58260676
       0.67753025    5664.49643229
       0.68194481    5630.82627962
       0.68635936    5596.56684398
       0.69077391    5561.74688287
       0.69518846    5526.42946386
       0.69960302    5490.70965947
       0.70401757    5454.70967519
       0.70843212    5418.57167719
       0.71284668    5382.44884697
       0.71726123    5346.49540128
       0.72167578    5310.85644896
       0.72609034    5275.65859678
       0.73050489    5241.00215151
       0.73491944    5206.95559822
       0.73933400    5173.55277989
       0.74374855    5140.79288880
       0.74816310    5108.64305024
       0.75257766    5077.04298372
       0.75699221    5045.91101631
       0.76140676    5015.15063549
       0.76582132    4984.65681989
       0.77023587    4954.32156316
       0.77465042    4924.03826888
       0.77906498    4893.70498260
       0.78347953    4863.22667817
       0.78789408    4832.51697416
       0.79230864    4801.49969430
       0.79672319    4770.11060273
       0.80113774    4738.29946977
       0.80555230    4706.03240572
       0.80996685    4673.29419509
       0.81438140    4640.09021994
       0.81879596    4606.44751193
       0.82321051    4572.41452576
       0.82762506    4538.05937035
       0.83203962    4503.46643619
       0.83645417    4468.73158007
       0.84086872    4433.95623139
       0.84528328    4399.24093488
       0.84969783    4364.67892174
       0.85411238    4330.35029651
       0.85852694    4296.31734639
       0.86294149    4262.62133933
       0.86735604    4229.28100040
       0.87177060    4196.29267053
       0.87618515    4163.63198270
       0.88059970    4131.25676083
       0.88501426    4099.11076766
       0.88942881    4067.12790715
       0.89384336    4035.23651705
       0.89825792    4003.36345765
       0.90267247    3971.43779314
       0.90708702    3939.39395347
       0.91150158    3907.17433788
       0.91591613    3874.73136532
       0.92033068    3842.02898753
       0.92474524    3809.04366447
       0.92915979    3775.76477223
       0.93357434    3742.19438924
       0.93798890    3708.34640485
       0.94240345    3674.24492574
       0.94681800    3639.92202261
       0.95123256    3605.41494955
       0.95564711    3570.76306253
       0.96006166    3536.00473539
       0.96447622    3501.17459924
       0.96889077    3466.30140039
       0.97330532    3431.40668340
       0.97771988    3396.50437496
       0.98213443    3361.60119688
       0.98654898    3326.69770560
       0.99096354    3291.78966887
       0.99537809    3256.86946656
       0.99979264    3221.92724465
       1.00420720    3186.95164768
       1.00862175    3151.93008070
       1.01303630    3116.84857837
       1.01745086    3081.69145767
       1.02186541    3046.44098345
       1.02627996    3011.07727312
       1.03069452    2975.57861369
       1.03510907    2939.92227341
       1.03952362    2904.08578270
       1.04393818    2868.04855471
       1.04835273    2831.79363515
       1.05276728    2795.30932590
       1.05718184    2758.59042610
       1.06159639    2721.63887664
       1.06601094    2684.46367353
       1.07042549    2647.08002009
       1.07484005    2609.50780194
       1.07925460    2571.76957381
       1.08366915    2533.88832618
       1.08808371    2495.88533922
       1.09249826    2457.77842303
       1.09691281    2419.58078726
       1.10132737    2381.30068896
       1.10574192    2342.94189014
       1.11015647    2304.50483663
       1.11457103    2265.98836900
       1.11898558    2227.39171017
       1.12340013    2188.71645397
       1.12781469    2149.96830478
       1.13222924    2111.15838170
       1.13664379    2072.30398796
       1.14105835    2033.42883797
       1.14547290    1994.56281409
       1.14988745    1955.74137955
       1.15430201    1917.00479667
       1.15871656    1878.39729025
       1.16313111    1839.96626322
       1.16754567    1801.76162412
       1.17196022    1763.83523687
       1.17637477    1726.24046271
       1.18078933    1689.03173848
       1.18520388    1652.26412819
       1.18961843    1615.99279420
       1.19403299    1580.27235615
       1.19844754    1545.15613305
       1.20286209    1510.69529185
