       1.00000000      -0.00003029
       2.00000000      -0.00006017
       3.00000000      -0.00002948
       4.00000000       0.00000000
       5.00000000      -0.00003109
       6.00000000      -0.00006017
       7.00000000      -0.00002867
       8.00000000       0.00000000
       9.00000000      -0.00003190
      10.00000000      -0.00006017
      11.00000000      -0.00002787
      12.00000000       0.00000000
      13.00000000      -0.00003271
      14.00000000      -0.00006018
      15.00000000      -0.00002706
      16.00000000       0.00000001
      17.00000000      -0.00003351
      18.00000000      -0.00006018
      19.00000000      -0.00002625
      20.00000000       0.00000001
      21.00000000      -0.00003432
      22.00000000      -0.00006018
      23.00000000      -0.00002544
      24.00000000       0.00000001
      25.00000000      -0.00003513
      26.00000000      -0.00006018
      27.00000000      -0.00002464
      28.00000000       0.00000002
      29.00000000      -0.00003594
      30.00000000      -0.00006019
      31.00000000      -0.00002383
      32.00000000       0.00000002
      33.00000000      -0.00003675
      34.00000000      -0.00006019
      35.00000000      -0.00002302
      36.00000000       0.00000003
      37.00000000      -0.00003756
      38.00000000      -0.00006020
      39.00000000      -0.00002221
      40.00000000       0.00000003
      41.00000000      -0.00003837
      42.00000000      -0.00006021
      43.00000000      -0.00002139
      44.00000000       0.00000004
      45.00000000      -0.00003918
      46.00000000      -0.00006021
      47.00000000      -0.00002058
      48.00000000       0.00000005
      49.00000000      -0.00004000
      50.00000000      -0.00006022
      51.00000000      -0.00001977
      52.00000000       0.00000005
      53.00000000      -0.00004081
      54.00000000      -0.00006023
      55.00000000      -0.00001895
      56.00000000       0.00000006
      57.00000000      -0.00004163
      58.00000000      -0.00006024
      59.00000000      -0.00001813
      60.00000000       0.00000007
      61.00000000      -0.00004245
      62.00000000      -0.00006025
      63.00000000      -0.00001731
      64.00000000       0.00000008
      65.00000000      -0.00004327
      66.00000000      -0.00006026
      67.00000000      -0.00001649
      68.00000000       0.00000009
      69.00000000      -0.00004409
      70.00000000      -0.00006027
      71.00000000      -0.00001567
      72.00000000       0.00000010
      73.00000000      -0.00004491
      74.00000000      -0.00006028
      75.00000000      -0.00001484
      76.00000000       0.00000011
      77.00000000      -0.00004574
      78.00000000      -0.00006029
      79.00000000      -0.00001402
      80.00000000       0.00000013
      81.00000000      -0.00004657
      82.00000000      -0.00006031
      83.00000000      -0.00001319
      84.00000000       0.00000014
      85.00000000      -0.00004740
      86.00000000      -0.00006032
      87.00000000      -0.00001236
      88.00000000       0.00000015
      89.00000000      -0.00004823
      90.00000000      -0.00006033
      91.00000000      -0.00001152
      92.00000000       0.00000017
      93.00000000      -0.00004906
      94.00000000      -0.00006035
      95.00000000      -0.00001069
      96.00000000       0.00000018
      97.00000000      -0.00004990
      98.00000000      -0.00006036
      99.00000000      -0.00000985
     100.00000000       0.00000020
     101.00000000      -0.00005074
     102.00000000      -0.00006038
     103.00000000      -0.00000901
     104.00000000       0.00000022
     105.00000000      -0.00005158
     106.00000000      -0.00006040
     107.00000000      -0.00000816
     108.00000000       0.00000023
     109.00000000      -0.00005243
     110.00000000      -0.00006041
     111.00000000      -0.00000732
     112.00000000       0.00000025
     113.00000000      -0.00005328
     114.00000000      -0.00006043
     115.00000000      -0.00000647
     116.00000000       0.00000027
     117.00000000      -0.00005413
     118.00000000      -0.00006045
     119.00000000      -0.00000561
     120.00000000       0.00000029
     121.00000000      -0.00005499
     122.00000000      -0.00006047
     123.00000000      -0.00000476
     124.00000000       0.00000031
     125.00000000      -0.00005585
     126.00000000      -0.00006049
     127.00000000      -0.00000390
     128.00000000       0.00000033
     129.00000000      -0.00005671
     130.00000000      -0.00006051
     131.00000000      -0.00000303
     132.00000000       0.00000035
     133.00000000      -0.00005757
     134.00000000      -0.00006053
     135.00000000      -0.00000216
     136.00000000       0.00000037
     137.00000000      -0.00005844
     138.00000000      -0.00006055
     139.00000000      -0.00000129
     140.00000000       0.00000039
     141.00000000      -0.00005932
     142.00000000      -0.00006057
     143.00000000      -0.00000042
     144.00000000       0.00000041
     145.00000000      -0.00006020
     146.00000000      -0.00006060
     147.00000000       0.00000046
     148.00000000       0.00000044
     149.00000000      -0.00006108
     150.00000000      -0.00006062
     151.00000000       0.00000135
     152.00000000       0.00000046
     153.00000000      -0.00006196
     154.00000000      -0.00006065
     155.00000000       0.00000224
     156.00000000       0.00000049
     157.00000000      -0.00006286
     158.00000000      -0.00006067
     159.00000000       0.00000313
     160.00000000       0.00000051
     161.00000000      -0.00006375
     162.00000000      -0.00006070
     163.00000000       0.00000403
     164.00000000       0.00000054
     165.00000000      -0.00006465
     166.00000000      -0.00006072
     167.00000000       0.00000493
     168.00000000       0.00000057
     169.00000000      -0.00006556
     170.00000000      -0.00006075
     171.00000000       0.00000584
     172.00000000       0.00000059
     173.00000000      -0.00006647
     174.00000000      -0.00006078
     175.00000000       0.00000675
     176.00000000       0.00000062
     177.00000000      -0.00006738
     178.00000000      -0.00006081
     179.00000000       0.00000767
     180.00000000       0.00000065
     181.00000000      -0.00006830
     182.00000000      -0.00006084
     183.00000000       0.00000859
     184.00000000       0.00000068
     185.00000000      -0.00006923
     186.00000000      -0.00006087
     187.00000000       0.00000952
     188.00000000       0.00000071
     189.00000000      -0.00007016
     190.00000000      -0.00006090
     191.00000000       0.00001046
     192.00000000       0.00000074
     193.00000000      -0.00007110
     194.00000000      -0.00006093
     195.00000000       0.00001140
     196.00000000       0.00000077
     197.00000000      -0.00007204
     198.00000000      -0.00006096
     199.00000000       0.00001235
     200.00000000       0.00000080
     201.00000000      -0.00007299
     202.00000000      -0.00006099
     203.00000000       0.00001330
     204.00000000       0.00000084
     205.00000000      -0.00007395
     206.00000000      -0.00006103
     207.00000000       0.00001426
     208.00000000       0.00000087
     209.00000000      -0.00007491
     210.00000000      -0.00006106
     211.00000000       0.00001522
     212.00000000       0.00000090
     213.00000000      -0.00007588
     214.00000000      -0.00006109
     215.00000000       0.00001620
     216.00000000       0.00000094
     217.00000000      -0.00007686
     218.00000000      -0.00006113
     219.00000000       0.00001717
     220.00000000       0.00000098
     221.00000000      -0.00007784
     222.00000000      -0.00006117
     223.00000000       0.00001816
     224.00000000       0.00000101
     225.00000000      -0.00007883
     226.00000000      -0.00006120
     227.00000000       0.00001915
     228.00000000       0.00000105
     229.00000000      -0.00007983
     230.00000000      -0.00006124
     231.00000000       0.00002016
     232.00000000       0.00000109
     233.00000000      -0.00008083
     234.00000000      -0.00006128
     235.00000000       0.00002116
     236.00000000       0.00000113
     237.00000000      -0.00008184
     238.00000000      -0.00006132
     239.00000000       0.00002218
     240.00000000       0.00000116
     241.00000000      -0.00008286
     242.00000000      -0.00006136
     243.00000000       0.00002320
     244.00000000       0.00000120
     245.00000000      -0.00008389
     246.00000000      -0.00006140
     247.00000000       0.00002424
     248.00000000       0.00000124
     249.00000000      -0.00008493
     250.00000000      -0.00006144
     251.00000000       0.00002528
     252.00000000       0.00000129
     253.00000000      -0.00008597
     254.00000000      -0.00006148
     255.00000000       0.00002632
     256.00000000       0.00000133
     257.00000000      -0.00008702
     258.00000000      -0.00006152
     259.00000000       0.00002738
     260.00000000       0.00000137
     261.00000000      -0.00008809
     262.00000000      -0.00006156
     263.00000000       0.00002845
     264.00000000       0.00000141
     265.00000000      -0.00008916
     266.00000000      -0.00006161
     267.00000000       0.00002952
     268.00000000       0.00000146
     269.00000000      -0.00009024
     270.00000000      -0.00006165
     271.00000000       0.00003061
     272.00000000       0.00000150
     273.00000000      -0.00009133
     274.00000000      -0.00006170
     275.00000000       0.00003170
     276.00000000       0.00000155
     277.00000000      -0.00009243
     278.00000000      -0.00006174
     279.00000000       0.00003281
     280.00000000       0.00000160
     281.00000000      -0.00009354
     282.00000000      -0.00006179
     283.00000000       0.00003392
     284.00000000       0.00000164
     285.00000000      -0.00009466
     286.00000000      -0.00006184
     287.00000000       0.00003505
     288.00000000       0.00000169
     289.00000000      -0.00009579
     290.00000000      -0.00006189
     291.00000000       0.00003618
     292.00000000       0.00000174
     293.00000000      -0.00009693
     294.00000000      -0.00006193
     295.00000000       0.00003733
     296.00000000       0.00000179
     297.00000000      -0.00009808
     298.00000000      -0.00006198
     299.00000000       0.00003848
     300.00000000       0.00000184
     301.00000000      -0.00009924
     302.00000000      -0.00006203
     303.00000000       0.00003965
     304.00000000       0.00000189
     305.00000000      -0.00010041
     306.00000000      -0.00006209
     307.00000000       0.00004083
     308.00000000       0.00000194
     309.00000000      -0.00010160
     310.00000000      -0.00006214
     311.00000000       0.00004202
     312.00000000       0.00000199
     313.00000000      -0.00010279
     314.00000000      -0.00006219
     315.00000000       0.00004323
     316.00000000       0.00000205
     317.00000000      -0.00010400
     318.00000000      -0.00006224
     319.00000000       0.00004444
     320.00000000       0.00000210
     321.00000000      -0.00010522
     322.00000000      -0.00006230
     323.00000000       0.00004567
     324.00000000       0.00000215
     325.00000000      -0.00010646
     326.00000000      -0.00006235
     327.00000000       0.00004691
     328.00000000       0.00000221
     329.00000000      -0.00010771
     330.00000000      -0.00006241
     331.00000000       0.00004816
     332.00000000       0.00000226
     333.00000000      -0.00010897
     334.00000000      -0.00006246
     335.00000000       0.00004943
     336.00000000       0.00000232
     337.00000000      -0.00011024
     338.00000000      -0.00006252
     339.00000000       0.00005071
     340.00000000       0.00000238
     341.00000000      -0.00011153
     342.00000000      -0.00006258
     343.00000000       0.00005200
     344.00000000       0.00000244
     345.00000000      -0.00011283
     346.00000000      -0.00006264
     347.00000000       0.00005331
     348.00000000       0.00000250
     349.00000000      -0.00011414
     350.00000000      -0.00006270
     351.00000000       0.00005464
     352.00000000       0.00000256
     353.00000000      -0.00011548
     354.00000000      -0.00006276
     355.00000000       0.00005598
     356.00000000       0.00000262
     357.00000000      -0.00011682
     358.00000000      -0.00006282
     359.00000000       0.00005733
     360.00000000       0.00000268
     361.00000000      -0.00011818
     362.00000000      -0.00006288
     363.00000000       0.00005870
     364.00000000       0.00000274
     365.00000000      -0.00011956
     366.00000000      -0.00006294
     367.00000000       0.00006008
     368.00000000       0.00000280
     369.00000000      -0.00012095
     370.00000000      -0.00006301
     371.00000000       0.00006149
     372.00000000       0.00000287
     373.00000000      -0.00012237
     374.00000000      -0.00006307
     375.00000000       0.00006291
     376.00000000       0.00000293
     377.00000000      -0.00012379
     378.00000000      -0.00006314
     379.00000000       0.00006434
     380.00000000       0.00000300
     381.00000000      -0.00012524
     382.00000000      -0.00006320
     383.00000000       0.00006579
     384.00000000       0.00000307
     385.00000000      -0.00012670
     386.00000000      -0.00006327
     387.00000000       0.00006727
     388.00000000       0.00000313
     389.00000000      -0.00012818
     390.00000000      -0.00006334
     391.00000000       0.00006875
     392.00000000       0.00000320
     393.00000000      -0.00012968
     394.00000000      -0.00006341
     395.00000000       0.00007026
     396.00000000       0.00000327
     397.00000000      -0.00013120
     398.00000000      -0.00006348
     399.00000000       0.00007179
     400.00000000       0.00000334
     401.00000000      -0.00013273
     402.00000000      -0.00006355
     403.00000000       0.00007334
     404.00000000       0.00000341
     405.00000000      -0.00013429
     406.00000000      -0.00006362
     407.00000000       0.00007491
     408.00000000       0.00000348
     409.00000000      -0.00013587
     410.00000000      -0.00006369
     411.00000000       0.00007649
     412.00000000       0.00000355
     413.00000000      -0.00013747
     414.00000000      -0.00006376
     415.00000000       0.00007810
     416.00000000       0.00000363
     417.00000000      -0.00013909
     418.00000000      -0.00006383
     419.00000000       0.00007973
     420.00000000       0.00000370
     421.00000000      -0.00014073
     422.00000000      -0.00006391
     423.00000000       0.00008138
     424.00000000       0.00000377
     425.00000000      -0.00014239
     426.00000000      -0.00006398
     427.00000000       0.00008306
     428.00000000       0.00000385
     429.00000000      -0.00014408
     430.00000000      -0.00006406
     431.00000000       0.00008476
     432.00000000       0.00000393
     433.00000000      -0.00014579
     434.00000000      -0.00006414
     435.00000000       0.00008648
     436.00000000       0.00000400
     437.00000000      -0.00014752
     438.00000000      -0.00006421
     439.00000000       0.00008823
     440.00000000       0.00000408
     441.00000000      -0.00014928
     442.00000000      -0.00006429
     443.00000000       0.00009000
     444.00000000       0.00000416
     445.00000000      -0.00015106
     446.00000000      -0.00006437
     447.00000000       0.00009179
     448.00000000       0.00000424
     449.00000000      -0.00015287
     450.00000000      -0.00006445
     451.00000000       0.00009361
     452.00000000       0.00000432
     453.00000000      -0.00015471
     454.00000000      -0.00006454
     455.00000000       0.00009546
     456.00000000       0.00000440
     457.00000000      -0.00015657
     458.00000000      -0.00006462
     459.00000000       0.00009734
     460.00000000       0.00000449
     461.00000000      -0.00015846
     462.00000000      -0.00006470
     463.00000000       0.00009924
     464.00000000       0.00000457
     465.00000000      -0.00016038
     466.00000000      -0.00006478
     467.00000000       0.00010118
     468.00000000       0.00000466
     469.00000000      -0.00016233
     470.00000000      -0.00006487
     471.00000000       0.00010314
     472.00000000       0.00000474
     473.00000000      -0.00016430
     474.00000000      -0.00006496
     475.00000000       0.00010513
     476.00000000       0.00000483
     477.00000000      -0.00016631
     478.00000000      -0.00006504
     479.00000000       0.00010715
     480.00000000       0.00000492
     481.00000000      -0.00016835
     482.00000000      -0.00006513
     483.00000000       0.00010921
     484.00000000       0.00000500
     485.00000000      -0.00017042
     486.00000000      -0.00006522
     487.00000000       0.00011130
     488.00000000       0.00000509
     489.00000000      -0.00017252
     490.00000000      -0.00006531
     491.00000000       0.00011342
     492.00000000       0.00000518
     493.00000000      -0.00017466
     494.00000000      -0.00006540
     495.00000000       0.00011557
     496.00000000       0.00000527
     497.00000000      -0.00017683
     498.00000000      -0.00006549
     499.00000000       0.00011776
     500.00000000       0.00000537
     501.00000000      -0.00017904
     502.00000000      -0.00006558
     503.00000000       0.00011999
     504.00000000       0.00000546
     505.00000000      -0.00018128
     506.00000000      -0.00006568
     507.00000000       0.00012225
     508.00000000       0.00000555
     509.00000000      -0.00018357
     510.00000000      -0.00006577
     511.00000000       0.00012455
     512.00000000       0.00000565
     513.00000000      -0.00018589
     514.00000000      -0.00006587
     515.00000000       0.00012689
     516.00000000       0.00000574
     517.00000000      -0.00018824
     518.00000000      -0.00006596
     519.00000000       0.00012927
     520.00000000       0.00000584
     521.00000000      -0.00019064
     522.00000000      -0.00006606
     523.00000000       0.00013169
     524.00000000       0.00000594
     525.00000000      -0.00019308
     526.00000000      -0.00006616
     527.00000000       0.00013415
     528.00000000       0.00000604
     529.00000000      -0.00019557
     530.00000000      -0.00006626
     531.00000000       0.00013666
     532.00000000       0.00000614
     533.00000000      -0.00019810
     534.00000000      -0.00006636
     535.00000000       0.00013920
     536.00000000       0.00000624
     537.00000000      -0.00020067
     538.00000000      -0.00006646
     539.00000000       0.00014180
     540.00000000       0.00000634
     541.00000000      -0.00020329
     542.00000000      -0.00006656
     543.00000000       0.00014444
     544.00000000       0.00000644
     545.00000000      -0.00020595
     546.00000000      -0.00006667
     547.00000000       0.00014713
     548.00000000       0.00000655
     549.00000000      -0.00020867
     550.00000000      -0.00006677
     551.00000000       0.00014987
     552.00000000       0.00000665
     553.00000000      -0.00021143
     554.00000000      -0.00006688
     555.00000000       0.00015266
     556.00000000       0.00000676
     557.00000000      -0.00021425
     558.00000000      -0.00006699
     559.00000000       0.00015551
     560.00000000       0.00000687
     561.00000000      -0.00021712
     562.00000000      -0.00006709
     563.00000000       0.00015840
     564.00000000       0.00000698
     565.00000000      -0.00022004
     566.00000000      -0.00006720
     567.00000000       0.00016136
     568.00000000       0.00000709
     569.00000000      -0.00022302
     570.00000000      -0.00006731
     571.00000000       0.00016437
     572.00000000       0.00000720
     573.00000000      -0.00022606
     574.00000000      -0.00006742
     575.00000000       0.00016743
     576.00000000       0.00000731
     577.00000000      -0.00022916
     578.00000000      -0.00006754
     579.00000000       0.00017056
     580.00000000       0.00000742
     581.00000000      -0.00023232
     582.00000000      -0.00006765
     583.00000000       0.00017375
     584.00000000       0.00000753
     585.00000000      -0.00023554
     586.00000000      -0.00006776
     587.00000000       0.00017701
     588.00000000       0.00000765
     589.00000000      -0.00023883
     590.00000000      -0.00006788
     591.00000000       0.00018033
     592.00000000       0.00000776
     593.00000000      -0.00024219
     594.00000000      -0.00006799
     595.00000000       0.00018372
     596.00000000       0.00000788
     597.00000000      -0.00024561
     598.00000000      -0.00006811
     599.00000000       0.00018718
     600.00000000       0.00000800
     601.00000000      -0.00024911
     602.00000000      -0.00006823
     603.00000000       0.00019071
     604.00000000       0.00000812
     605.00000000      -0.00025268
     606.00000000      -0.00006835
     607.00000000       0.00019432
     608.00000000       0.00000824
     609.00000000      -0.00025633
     610.00000000      -0.00006847
     611.00000000       0.00019801
     612.00000000       0.00000836
     613.00000000      -0.00026005
     614.00000000      -0.00006859
     615.00000000       0.00020177
     616.00000000       0.00000848
     617.00000000      -0.00026386
     618.00000000      -0.00006872
     619.00000000       0.00020562
     620.00000000       0.00000861
     621.00000000      -0.00026774
     622.00000000      -0.00006884
     623.00000000       0.00020955
     624.00000000       0.00000873
     625.00000000      -0.00027172
     626.00000000      -0.00006897
     627.00000000       0.00021357
     628.00000000       0.00000886
     629.00000000      -0.00027578
     630.00000000      -0.00006909
     631.00000000       0.00021768
     632.00000000       0.00000899
     633.00000000      -0.00027994
     634.00000000      -0.00006922
     635.00000000       0.00022188
     636.00000000       0.00000911
     637.00000000      -0.00028419
     638.00000000      -0.00006935
     639.00000000       0.00022619
     640.00000000       0.00000924
     641.00000000      -0.00028855
     642.00000000      -0.00006948
     643.00000000       0.00023059
     644.00000000       0.00000938
     645.00000000      -0.00029300
     646.00000000      -0.00006961
     647.00000000       0.00023509
     648.00000000       0.00000951
     649.00000000      -0.00029756
     650.00000000      -0.00006975
     651.00000000       0.00023971
     652.00000000       0.00000964
     653.00000000      -0.00030223
     654.00000000      -0.00006988
     655.00000000       0.00024443
     656.00000000       0.00000978
     657.00000000      -0.00030701
     658.00000000      -0.00007001
     659.00000000       0.00024927
     660.00000000       0.00000991
     661.00000000      -0.00031191
     662.00000000      -0.00007015
     663.00000000       0.00025423
     664.00000000       0.00001005
     665.00000000      -0.00031693
     666.00000000      -0.00007029
     667.00000000       0.00025932
     668.00000000       0.00001019
     669.00000000      -0.00032208
     670.00000000      -0.00007043
     671.00000000       0.00026453
     672.00000000       0.00001033
     673.00000000      -0.00032736
     674.00000000      -0.00007057
     675.00000000       0.00026988
     676.00000000       0.00001047
     677.00000000      -0.00033277
     678.00000000      -0.00007071
     679.00000000       0.00027536
     680.00000000       0.00001061
     681.00000000      -0.00033833
     682.00000000      -0.00007085
     683.00000000       0.00028099
     684.00000000       0.00001075
     685.00000000      -0.00034403
     686.00000000      -0.00007099
     687.00000000       0.00028677
     688.00000000       0.00001089
     689.00000000      -0.00034988
     690.00000000      -0.00007114
     691.00000000       0.00029270
     692.00000000       0.00001104
     693.00000000      -0.00035590
     694.00000000      -0.00007129
     695.00000000       0.00029880
     696.00000000       0.00001119
     697.00000000      -0.00036208
     698.00000000      -0.00007143
     699.00000000       0.00030506
     700.00000000       0.00001134
     701.00000000      -0.00036843
     702.00000000      -0.00007158
     703.00000000       0.00031150
     704.00000000       0.00001148
     705.00000000      -0.00037496
     706.00000000      -0.00007173
     707.00000000       0.00031812
     708.00000000       0.00001164
     709.00000000      -0.00038167
     710.00000000      -0.00007188
     711.00000000       0.00032493
     712.00000000       0.00001179
     713.00000000      -0.00038858
     714.00000000      -0.00007203
     715.00000000       0.00033194
     716.00000000       0.00001194
     717.00000000      -0.00039569
     718.00000000      -0.00007219
     719.00000000       0.00033915
     720.00000000       0.00001209
     721.00000000      -0.00040301
     722.00000000      -0.00007234
     723.00000000       0.00034659
     724.00000000       0.00001225
     725.00000000      -0.00041056
     726.00000000      -0.00007250
     727.00000000       0.00035424
     728.00000000       0.00001241
     729.00000000      -0.00041833
     730.00000000      -0.00007266
     731.00000000       0.00036213
     732.00000000       0.00001256
     733.00000000      -0.00042634
     734.00000000      -0.00007282
     735.00000000       0.00037027
     736.00000000       0.00001272
     737.00000000      -0.00043461
     738.00000000      -0.00007298
     739.00000000       0.00037867
     740.00000000       0.00001288
     741.00000000      -0.00044314
     742.00000000      -0.00007314
     743.00000000       0.00038734
     744.00000000       0.00001305
     745.00000000      -0.00045195
     746.00000000      -0.00007330
     747.00000000       0.00039628
     748.00000000       0.00001321
     749.00000000      -0.00046104
     750.00000000      -0.00007346
     751.00000000       0.00040553
     752.00000000       0.00001337
     753.00000000      -0.00047044
     754.00000000      -0.00007363
     755.00000000       0.00041509
     756.00000000       0.00001354
     757.00000000      -0.00048016
     758.00000000      -0.00007379
     759.00000000       0.00042497
     760.00000000       0.00001370
     761.00000000      -0.00049021
     762.00000000      -0.00007396
     763.00000000       0.00043520
     764.00000000       0.00001387
     765.00000000      -0.00050062
     766.00000000      -0.00007413
     767.00000000       0.00044579
     768.00000000       0.00001404
     769.00000000      -0.00051139
     770.00000000      -0.00007430
     771.00000000       0.00045675
     772.00000000       0.00001421
     773.00000000      -0.00052256
     774.00000000      -0.00007447
     775.00000000       0.00046812
     776.00000000       0.00001438
     777.00000000      -0.00053414
     778.00000000      -0.00007464
     779.00000000       0.00047991
     780.00000000       0.00001455
     781.00000000      -0.00054615
     782.00000000      -0.00007481
     783.00000000       0.00049215
     784.00000000       0.00001473
     785.00000000      -0.00055862
     786.00000000      -0.00007498
     787.00000000       0.00050486
     788.00000000       0.00001490
     789.00000000      -0.00057157
     790.00000000      -0.00007516
     791.00000000       0.00051807
     792.00000000       0.00001507
     793.00000000      -0.00058504
     794.00000000      -0.00007533
     795.00000000       0.00053180
     796.00000000       0.00001525
     797.00000000      -0.00059904
     798.00000000      -0.00007551
     799.00000000       0.00054609
     800.00000000       0.00001543
     801.00000000      -0.00061363
     802.00000000      -0.00007569
     803.00000000       0.00056098
     804.00000000       0.00001560
     805.00000000      -0.00062883
     806.00000000      -0.00007586
     807.00000000       0.00057649
     808.00000000       0.00001578
     809.00000000      -0.00064467
     810.00000000      -0.00007604
     811.00000000       0.00059268
     812.00000000       0.00001596
     813.00000000      -0.00066121
     814.00000000      -0.00007622
     815.00000000       0.00060958
     816.00000000       0.00001614
     817.00000000      -0.00067848
     818.00000000      -0.00007640
     819.00000000       0.00062724
     820.00000000       0.00001632
     821.00000000      -0.00069654
     822.00000000      -0.00007658
     823.00000000       0.00064571
     824.00000000       0.00001649
     825.00000000      -0.00071544
     826.00000000      -0.00007676
     827.00000000       0.00066505
     828.00000000       0.00001667
     829.00000000      -0.00073524
     830.00000000      -0.00007693
     831.00000000       0.00068532
     832.00000000       0.00001685
     833.00000000      -0.00075600
     834.00000000      -0.00007711
     835.00000000       0.00070659
     836.00000000       0.00001703
     837.00000000      -0.00077780
     838.00000000      -0.00007729
     839.00000000       0.00072894
     840.00000000       0.00001721
     841.00000000      -0.00080070
     842.00000000      -0.00007747
     843.00000000       0.00075243
     844.00000000       0.00001739
     845.00000000      -0.00082481
     846.00000000      -0.00007765
     847.00000000       0.00077717
     848.00000000       0.00001756
     849.00000000      -0.00085021
     850.00000000      -0.00007782
     851.00000000       0.00080325
     852.00000000       0.00001774
     853.00000000      -0.00087700
     854.00000000      -0.00007800
     855.00000000       0.00083079
     856.00000000       0.00001791
     857.00000000      -0.00090531
     858.00000000      -0.00007817
     859.00000000       0.00085991
     860.00000000       0.00001808
     861.00000000      -0.00093527
     862.00000000      -0.00007834
     863.00000000       0.00089074
     864.00000000       0.00001825
     865.00000000      -0.00096701
     866.00000000      -0.00007851
     867.00000000       0.00092344
     868.00000000       0.00001842
     869.00000000      -0.00100071
     870.00000000      -0.00007867
     871.00000000       0.00095818
     872.00000000       0.00001858
     873.00000000      -0.00103655
     874.00000000      -0.00007883
     875.00000000       0.00099516
     876.00000000       0.00001874
     877.00000000      -0.00107473
     878.00000000      -0.00007899
     879.00000000       0.00103460
     880.00000000       0.00001889
     881.00000000      -0.00111549
     882.00000000      -0.00007913
     883.00000000       0.00107675
     884.00000000       0.00001903
     885.00000000      -0.00115910
     886.00000000      -0.00007927
     887.00000000       0.00112189
     888.00000000       0.00001917
     889.00000000      -0.00120585
     890.00000000      -0.00007941
     891.00000000       0.00117035
     892.00000000       0.00001930
     893.00000000      -0.00125612
     894.00000000      -0.00007953
     895.00000000       0.00122251
     896.00000000       0.00001942
     897.00000000      -0.00131028
     898.00000000      -0.00007964
     899.00000000       0.00127881
     900.00000000       0.00001952
     901.00000000      -0.00136883
     902.00000000      -0.00007974
     903.00000000       0.00133974
     904.00000000       0.00001961
     905.00000000      -0.00143230
     906.00000000      -0.00007982
     907.00000000       0.00140591
     908.00000000       0.00001968
     909.00000000      -0.00150134
     910.00000000      -0.00007987
     911.00000000       0.00147801
     912.00000000       0.00001972
     913.00000000      -0.00157670
     914.00000000      -0.00007991
     915.00000000       0.00155686
     916.00000000       0.00001974
     917.00000000      -0.00165930
     918.00000000      -0.00007991
     919.00000000       0.00164347
     920.00000000       0.00001972
     921.00000000      -0.00175022
     922.00000000      -0.00007987
     923.00000000       0.00173903
     924.00000000       0.00001966
     925.00000000      -0.00185077
     926.00000000      -0.00007979
     927.00000000       0.00184497
     928.00000000       0.00001955
     929.00000000      -0.00196256
     930.00000000      -0.00007965
     931.00000000       0.00196309
     932.00000000       0.00001938
     933.00000000      -0.00208757
     934.00000000      -0.00007943
     935.00000000       0.00209561
     936.00000000       0.00001912
     937.00000000      -0.00222828
     938.00000000      -0.00007913
     939.00000000       0.00224531
     940.00000000       0.00001876
     941.00000000      -0.00238784
     942.00000000      -0.00007870
     943.00000000       0.00241574
     944.00000000       0.00001827
     945.00000000      -0.00257029
     946.00000000      -0.00007812
     947.00000000       0.00261151
     948.00000000       0.00001759
     949.00000000      -0.00278090
     950.00000000      -0.00007734
     951.00000000       0.00283872
     952.00000000       0.00001667
     953.00000000      -0.00302673
     954.00000000      -0.00007627
     955.00000000       0.00310555
     956.00000000       0.00001542
     957.00000000      -0.00331738
     958.00000000      -0.00007480
     959.00000000       0.00342335
     960.00000000       0.00001370
     961.00000000      -0.00366631
     962.00000000      -0.00007277
     963.00000000       0.00380820
     964.00000000       0.00001129
     965.00000000      -0.00409293
     966.00000000      -0.00006990
     967.00000000       0.00428378
     968.00000000       0.00000785
     969.00000000      -0.00462640
     970.00000000      -0.00006572
     971.00000000       0.00488639
     972.00000000       0.00000273
     973.00000000      -0.00531253
     974.00000000      -0.00005940
     975.00000000       0.00567470
     976.00000000      -0.00000520
     977.00000000      -0.00622769
     978.00000000      -0.00004928
     979.00000000       0.00675004
     980.00000000      -0.00001835
     981.00000000      -0.00750937
     982.00000000      -0.00003178
     983.00000000       0.00830391
     984.00000000      -0.00004230
     985.00000000      -0.00943270
     986.00000000       0.00000219
     987.00000000       0.01074684
     988.00000000      -0.00009280
     989.00000000      -0.01264001
     990.00000000       0.00008202
     991.00000000       0.01514704
     992.00000000      -0.00023040
     993.00000000      -0.01905955
     994.00000000       0.00035195
     995.00000000       0.02541991
     996.00000000      -0.00088573
     997.00000000      -0.03827626
     998.00000000       0.00273773
     999.00000000       0.07517894
    1000.00000000      -0.02382264
    1001.00000000      -0.47744761
    1002.00000000      -0.02352089
    1003.00000000       0.07613342
    1004.00000000       0.00339042
    1005.00000000      -0.03827519
    1006.00000000      -0.00058284
    1007.00000000       0.02637332
    1008.00000000       0.00100350
    1009.00000000      -0.01905742
    1010.00000000       0.00007362
    1011.00000000       0.01609940
    1012.00000000       0.00073245
    1013.00000000      -0.01263684
    1014.00000000       0.00021234
    1015.00000000       0.01169816
    1016.00000000       0.00065151
    1017.00000000      -0.00942849
    1018.00000000       0.00026395
    1019.00000000       0.00925420
    1020.00000000       0.00061643
    1021.00000000      -0.00750414
    1022.00000000       0.00028899
    1023.00000000       0.00769931
    1024.00000000       0.00059784
    1025.00000000      -0.00622145
    1026.00000000       0.00030323
    1027.00000000       0.00662297
    1028.00000000       0.00058663
    1029.00000000      -0.00530529
    1030.00000000       0.00031225
    1031.00000000       0.00583366
    1032.00000000       0.00057923
    1033.00000000      -0.00461816
    1034.00000000       0.00031844
    1035.00000000       0.00523006
    1036.00000000       0.00057398
    1037.00000000      -0.00408371
    1038.00000000       0.00032296
    1039.00000000       0.00475351
    1040.00000000       0.00057005
    1041.00000000      -0.00365612
    1042.00000000       0.00032642
    1043.00000000       0.00436769
    1044.00000000       0.00056696
    1045.00000000      -0.00330624
    1046.00000000       0.00032919
    1047.00000000       0.00404894
    1048.00000000       0.00056446
    1049.00000000      -0.00301464
    1050.00000000       0.00033148
    1051.00000000       0.00378116
    1052.00000000       0.00056235
    1053.00000000      -0.00276787
    1054.00000000       0.00033343
    1055.00000000       0.00355302
    1056.00000000       0.00056053
    1057.00000000      -0.00255633
    1058.00000000       0.00033513
    1059.00000000       0.00335633
    1060.00000000       0.00055893
    1061.00000000      -0.00237296
    1062.00000000       0.00033665
    1063.00000000       0.00318498
    1064.00000000       0.00055749
    1065.00000000      -0.00221249
    1066.00000000       0.00033802
    1067.00000000       0.00303438
    1068.00000000       0.00055618
    1069.00000000      -0.00207088
    1070.00000000       0.00033927
    1071.00000000       0.00290097
    1072.00000000       0.00055497
    1073.00000000      -0.00194498
    1074.00000000       0.00034044
    1075.00000000       0.00278197
    1076.00000000       0.00055384
    1077.00000000      -0.00183231
    1078.00000000       0.00034154
    1079.00000000       0.00267515
    1080.00000000       0.00055278
    1081.00000000      -0.00173090
    1082.00000000       0.00034257
    1083.00000000       0.00257873
    1084.00000000       0.00055177
    1085.00000000      -0.00163912
    1086.00000000       0.00034356
    1087.00000000       0.00249127
    1088.00000000       0.00055080
    1089.00000000      -0.00155567
    1090.00000000       0.00034451
    1091.00000000       0.00241156
    1092.00000000       0.00054987
    1093.00000000      -0.00147947
    1094.00000000       0.00034542
    1095.00000000       0.00233863
    1096.00000000       0.00054898
    1097.00000000      -0.00140960
    1098.00000000       0.00034630
    1099.00000000       0.00227164
    1100.00000000       0.00054811
    1101.00000000      -0.00134531
    1102.00000000       0.00034716
    1103.00000000       0.00220989
    1104.00000000       0.00054726
    1105.00000000      -0.00128595
    1106.00000000       0.00034799
    1107.00000000       0.00215279
    1108.00000000       0.00054644
    1109.00000000      -0.00123098
    1110.00000000       0.00034880
    1111.00000000       0.00209983
    1112.00000000       0.00054564
    1113.00000000      -0.00117992
    1114.00000000       0.00034960
    1115.00000000       0.00205057
    1116.00000000       0.00054485
    1117.00000000      -0.00113238
    1118.00000000       0.00035037
    1119.00000000       0.00200465
    1120.00000000       0.00054408
    1121.00000000      -0.00108800
    1122.00000000       0.00035114
    1123.00000000       0.00196173
    1124.00000000       0.00054333
    1125.00000000      -0.00104647
    1126.00000000       0.00035189
    1127.00000000       0.00192153
    1128.00000000       0.00054258
    1129.00000000      -0.00100753
    1130.00000000       0.00035263
    1131.00000000       0.00188380
    1132.00000000       0.00054185
    1133.00000000      -0.00097094
    1134.00000000       0.00035336
    1135.00000000       0.00184831
    1136.00000000       0.00054112
    1137.00000000      -0.00093650
    1138.00000000       0.00035407
    1139.00000000       0.00181487
    1140.00000000       0.00054041
    1141.00000000      -0.00090403
    1142.00000000       0.00035478
    1143.00000000       0.00178331
    1144.00000000       0.00053971
    1145.00000000      -0.00087335
    1146.00000000       0.00035548
    1147.00000000       0.00175348
    1148.00000000       0.00053901
    1149.00000000      -0.00084432
    1150.00000000       0.00035617
    1151.00000000       0.00172523
    1152.00000000       0.00053833
    1153.00000000      -0.00081682
    1154.00000000       0.00035686
    1155.00000000       0.00169844
    1156.00000000       0.00053765
    1157.00000000      -0.00079072
    1158.00000000       0.00035753
    1159.00000000       0.00167301
    1160.00000000       0.00053697
    1161.00000000      -0.00076593
    1162.00000000       0.00035820
    1163.00000000       0.00164883
    1164.00000000       0.00053631
    1165.00000000      -0.00074234
    1166.00000000       0.00035886
    1167.00000000       0.00162581
    1168.00000000       0.00053565
    1169.00000000      -0.00071987
    1170.00000000       0.00035952
    1171.00000000       0.00160387
    1172.00000000       0.00053500
    1173.00000000      -0.00069844
    1174.00000000       0.00036017
    1175.00000000       0.00158294
    1176.00000000       0.00053435
    1177.00000000      -0.00067799
    1178.00000000       0.00036081
    1179.00000000       0.00156294
    1180.00000000       0.00053371
    1181.00000000      -0.00065844
    1182.00000000       0.00036145
    1183.00000000       0.00154382
    1184.00000000       0.00053307
    1185.00000000      -0.00063973
    1186.00000000       0.00036209
    1187.00000000       0.00152553
    1188.00000000       0.00053244
    1189.00000000      -0.00062183
    1190.00000000       0.00036271
    1191.00000000       0.00150800
    1192.00000000       0.00053181
    1193.00000000      -0.00060466
    1194.00000000       0.00036334
    1195.00000000       0.00149119
    1196.00000000       0.00053119
    1197.00000000      -0.00058820
    1198.00000000       0.00036396
    1199.00000000       0.00147506
    1200.00000000       0.00053058
    1201.00000000      -0.00057239
    1202.00000000       0.00036457
    1203.00000000       0.00145957
    1204.00000000       0.00052996
    1205.00000000      -0.00055721
    1206.00000000       0.00036518
    1207.00000000       0.00144467
    1208.00000000       0.00052936
    1209.00000000      -0.00054260
    1210.00000000       0.00036578
    1211.00000000       0.00143035
    1212.00000000       0.00052875
    1213.00000000      -0.00052855
    1214.00000000       0.00036638
    1215.00000000       0.00141656
    1216.00000000       0.00052816
    1217.00000000      -0.00051502
    1218.00000000       0.00036698
    1219.00000000       0.00140328
    1220.00000000       0.00052756
    1221.00000000      -0.00050197
    1222.00000000       0.00036757
    1223.00000000       0.00139047
    1224.00000000       0.00052697
    1225.00000000      -0.00048940
    1226.00000000       0.00036816
    1227.00000000       0.00137812
    1228.00000000       0.00052639
    1229.00000000      -0.00047726
    1230.00000000       0.00036875
    1231.00000000       0.00136620
    1232.00000000       0.00052580
    1233.00000000      -0.00046555
    1234.00000000       0.00036933
    1235.00000000       0.00135468
    1236.00000000       0.00052522
    1237.00000000      -0.00045423
    1238.00000000       0.00036990
    1239.00000000       0.00134355
    1240.00000000       0.00052465
    1241.00000000      -0.00044329
    1242.00000000       0.00037048
    1243.00000000       0.00133280
    1244.00000000       0.00052408
    1245.00000000      -0.00043271
    1246.00000000       0.00037105
    1247.00000000       0.00132239
    1248.00000000       0.00052351
    1249.00000000      -0.00042247
    1250.00000000       0.00037161
    1251.00000000       0.00131231
    1252.00000000       0.00052295
    1253.00000000      -0.00041256
    1254.00000000       0.00037218
    1255.00000000       0.00130256
    1256.00000000       0.00052238
    1257.00000000      -0.00040295
    1258.00000000       0.00037273
    1259.00000000       0.00129311
    1260.00000000       0.00052183
    1261.00000000      -0.00039365
    1262.00000000       0.00037329
    1263.00000000       0.00128394
    1264.00000000       0.00052127
    1265.00000000      -0.00038463
    1266.00000000       0.00037384
    1267.00000000       0.00127506
    1268.00000000       0.00052072
    1269.00000000      -0.00037588
    1270.00000000       0.00037439
    1271.00000000       0.00126644
    1272.00000000       0.00052017
    1273.00000000      -0.00036738
    1274.00000000       0.00037494
    1275.00000000       0.00125807
    1276.00000000       0.00051963
    1277.00000000      -0.00035914
    1278.00000000       0.00037548
    1279.00000000       0.00124995
    1280.00000000       0.00051909
    1281.00000000      -0.00035113
    1282.00000000       0.00037602
    1283.00000000       0.00124205
    1284.00000000       0.00051855
    1285.00000000      -0.00034335
    1286.00000000       0.00037656
    1287.00000000       0.00123438
    1288.00000000       0.00051801
    1289.00000000      -0.00033579
    1290.00000000       0.00037709
    1291.00000000       0.00122693
    1292.00000000       0.00051748
    1293.00000000      -0.00032844
    1294.00000000       0.00037762
    1295.00000000       0.00121968
    1296.00000000       0.00051695
    1297.00000000      -0.00032129
    1298.00000000       0.00037815
    1299.00000000       0.00121262
    1300.00000000       0.00051642
    1301.00000000      -0.00031433
    1302.00000000       0.00037868
    1303.00000000       0.00120576
    1304.00000000       0.00051590
    1305.00000000      -0.00030755
    1306.00000000       0.00037920
    1307.00000000       0.00119907
    1308.00000000       0.00051538
    1309.00000000      -0.00030096
    1310.00000000       0.00037972
    1311.00000000       0.00119256
    1312.00000000       0.00051486
    1313.00000000      -0.00029453
    1314.00000000       0.00038024
    1315.00000000       0.00118622
    1316.00000000       0.00051434
    1317.00000000      -0.00028828
    1318.00000000       0.00038075
    1319.00000000       0.00118005
    1320.00000000       0.00051383
    1321.00000000      -0.00028218
    1322.00000000       0.00038127
    1323.00000000       0.00117402
    1324.00000000       0.00051332
    1325.00000000      -0.00027623
    1326.00000000       0.00038177
    1327.00000000       0.00116815
    1328.00000000       0.00051281
    1329.00000000      -0.00027043
    1330.00000000       0.00038228
    1331.00000000       0.00116243
    1332.00000000       0.00051231
    1333.00000000      -0.00026478
    1334.00000000       0.00038279
    1335.00000000       0.00115684
    1336.00000000       0.00051180
    1337.00000000      -0.00025926
    1338.00000000       0.00038329
    1339.00000000       0.00115139
    1340.00000000       0.00051130
    1341.00000000      -0.00025387
    1342.00000000       0.00038379
    1343.00000000       0.00114607
    1344.00000000       0.00051080
    1345.00000000      -0.00024861
    1346.00000000       0.00038428
    1347.00000000       0.00114087
    1348.00000000       0.00051031
    1349.00000000      -0.00024348
    1350.00000000       0.00038478
    1351.00000000       0.00113580
    1352.00000000       0.00050982
    1353.00000000      -0.00023847
    1354.00000000       0.00038527
    1355.00000000       0.00113085
    1356.00000000       0.00050933
    1357.00000000      -0.00023357
    1358.00000000       0.00038576
    1359.00000000       0.00112600
    1360.00000000       0.00050884
    1361.00000000      -0.00022879
    1362.00000000       0.00038625
    1363.00000000       0.00112127
    1364.00000000       0.00050835
    1365.00000000      -0.00022411
    1366.00000000       0.00038673
    1367.00000000       0.00111665
    1368.00000000       0.00050787
    1369.00000000      -0.00021954
    1370.00000000       0.00038721
    1371.00000000       0.00111213
    1372.00000000       0.00050739
    1373.00000000      -0.00021507
    1374.00000000       0.00038769
    1375.00000000       0.00110771
    1376.00000000       0.00050691
    1377.00000000      -0.00021069
    1378.00000000       0.00038817
    1379.00000000       0.00110338
    1380.00000000       0.00050643
    1381.00000000      -0.00020642
    1382.00000000       0.00038865
    1383.00000000       0.00109916
    1384.00000000       0.00050595
    1385.00000000      -0.00020224
    1386.00000000       0.00038912
    1387.00000000       0.00109502
    1388.00000000       0.00050548
    1389.00000000      -0.00019814
    1390.00000000       0.00038960
    1391.00000000       0.00109097
    1392.00000000       0.00050501
    1393.00000000      -0.00019414
    1394.00000000       0.00039007
    1395.00000000       0.00108700
    1396.00000000       0.00050454
    1397.00000000      -0.00019021
    1398.00000000       0.00039053
    1399.00000000       0.00108312
    1400.00000000       0.00050407
    1401.00000000      -0.00018638
    1402.00000000       0.00039100
    1403.00000000       0.00107933
    1404.00000000       0.00050361
    1405.00000000      -0.00018262
    1406.00000000       0.00039146
    1407.00000000       0.00107561
    1408.00000000       0.00050315
    1409.00000000      -0.00017893
    1410.00000000       0.00039192
    1411.00000000       0.00107196
    1412.00000000       0.00050269
    1413.00000000      -0.00017533
    1414.00000000       0.00039238
    1415.00000000       0.00106839
    1416.00000000       0.00050223
    1417.00000000      -0.00017180
    1418.00000000       0.00039284
    1419.00000000       0.00106490
    1420.00000000       0.00050177
    1421.00000000      -0.00016833
    1422.00000000       0.00039330
    1423.00000000       0.00106147
    1424.00000000       0.00050132
    1425.00000000      -0.00016494
    1426.00000000       0.00039375
    1427.00000000       0.00105811
    1428.00000000       0.00050086
    1429.00000000      -0.00016162
    1430.00000000       0.00039420
    1431.00000000       0.00105482
    1432.00000000       0.00050041
    1433.00000000      -0.00015836
    1434.00000000       0.00039465
    1435.00000000       0.00105159
    1436.00000000       0.00049996
    1437.00000000      -0.00015516
    1438.00000000       0.00039510
    1439.00000000       0.00104843
    1440.00000000       0.00049952
    1441.00000000      -0.00015203
    1442.00000000       0.00039555
    1443.00000000       0.00104533
    1444.00000000       0.00049907
    1445.00000000      -0.00014896
    1446.00000000       0.00039599
    1447.00000000       0.00104229
    1448.00000000       0.00049863
    1449.00000000      -0.00014595
    1450.00000000       0.00039644
    1451.00000000       0.00103930
    1452.00000000       0.00049818
    1453.00000000      -0.00014299
    1454.00000000       0.00039688
    1455.00000000       0.00103637
    1456.00000000       0.00049774
    1457.00000000      -0.00014009
    1458.00000000       0.00039732
    1459.00000000       0.00103350
    1460.00000000       0.00049731
    1461.00000000      -0.00013725
    1462.00000000       0.00039775
    1463.00000000       0.00103069
    1464.00000000       0.00049687
    1465.00000000      -0.00013446
    1466.00000000       0.00039819
    1467.00000000       0.00102792
    1468.00000000       0.00049643
    1469.00000000      -0.00013172
    1470.00000000       0.00039862
    1471.00000000       0.00102521
    1472.00000000       0.00049600
    1473.00000000      -0.00012903
    1474.00000000       0.00039906
    1475.00000000       0.00102255
    1476.00000000       0.00049557
    1477.00000000      -0.00012640
    1478.00000000       0.00039949
    1479.00000000       0.00101994
    1480.00000000       0.00049514
    1481.00000000      -0.00012381
    1482.00000000       0.00039992
    1483.00000000       0.00101737
    1484.00000000       0.00049471
    1485.00000000      -0.00012127
    1486.00000000       0.00040034
    1487.00000000       0.00101485
    1488.00000000       0.00049428
    1489.00000000      -0.00011877
    1490.00000000       0.00040077
    1491.00000000       0.00101238
    1492.00000000       0.00049386
    1493.00000000      -0.00011632
    1494.00000000       0.00040120
    1495.00000000       0.00100995
    1496.00000000       0.00049343
    1497.00000000      -0.00011392
    1498.00000000       0.00040162
    1499.00000000       0.00100757
    1500.00000000       0.00049301
    1501.00000000      -0.00011155
    1502.00000000       0.00040204
    1503.00000000       0.00100523
    1504.00000000       0.00049259
    1505.00000000      -0.00010924
    1506.00000000       0.00040246
    1507.00000000       0.00100293
    1508.00000000       0.00049217
    1509.00000000      -0.00010696
    1510.00000000       0.00040288
    1511.00000000       0.00100067
    1512.00000000       0.00049175
    1513.00000000      -0.00010472
    1514.00000000       0.00040330
    1515.00000000       0.00099846
    1516.00000000       0.00049134
    1517.00000000      -0.00010252
    1518.00000000       0.00040371
    1519.00000000       0.00099628
    1520.00000000       0.00049092
    1521.00000000      -0.00010036
    1522.00000000       0.00040413
    1523.00000000       0.00099414
    1524.00000000       0.00049051
    1525.00000000      -0.00009824
    1526.00000000       0.00040454
    1527.00000000       0.00099204
    1528.00000000       0.00049009
    1529.00000000      -0.00009616
    1530.00000000       0.00040495
    1531.00000000       0.00098997
    1532.00000000       0.00048968
    1533.00000000      -0.00009411
    1534.00000000       0.00040536
    1535.00000000       0.00098794
    1536.00000000       0.00048927
    1537.00000000      -0.00009210
    1538.00000000       0.00040577
    1539.00000000       0.00098595
    1540.00000000       0.00048887
    1541.00000000      -0.00009012
    1542.00000000       0.00040618
    1543.00000000       0.00098399
    1544.00000000       0.00048846
    1545.00000000      -0.00008818
    1546.00000000       0.00040658
    1547.00000000       0.00098206
    1548.00000000       0.00048805
    1549.00000000      -0.00008627
    1550.00000000       0.00040699
    1551.00000000       0.00098017
    1552.00000000       0.00048765
    1553.00000000      -0.00008440
    1554.00000000       0.00040739
    1555.00000000       0.00097831
    1556.00000000       0.00048725
    1557.00000000      -0.00008255
    1558.00000000       0.00040779
    1559.00000000       0.00097648
    1560.00000000       0.00048685
    1561.00000000      -0.00008074
    1562.00000000       0.00040819
    1563.00000000       0.00097469
    1564.00000000       0.00048645
    1565.00000000      -0.00007896
    1566.00000000       0.00040859
    1567.00000000       0.00097292
    1568.00000000       0.00048605
    1569.00000000      -0.00007721
    1570.00000000       0.00040899
    1571.00000000       0.00097118
    1572.00000000       0.00048565
    1573.00000000      -0.00007549
    1574.00000000       0.00040939
    1575.00000000       0.00096948
    1576.00000000       0.00048525
    1577.00000000      -0.00007380
    1578.00000000       0.00040978
    1579.00000000       0.00096780
    1580.00000000       0.00048486
    1581.00000000      -0.00007214
    1582.00000000       0.00041018
    1583.00000000       0.00096616
    1584.00000000       0.00048446
    1585.00000000      -0.00007050
    1586.00000000       0.00041057
    1587.00000000       0.00096454
    1588.00000000       0.00048407
    1589.00000000      -0.00006890
    1590.00000000       0.00041097
    1591.00000000       0.00096294
    1592.00000000       0.00048368
    1593.00000000      -0.00006732
    1594.00000000       0.00041136
    1595.00000000       0.00096138
    1596.00000000       0.00048329
    1597.00000000      -0.00006577
    1598.00000000       0.00041175
    1599.00000000       0.00095984
    1600.00000000       0.00048290
    1601.00000000      -0.00006424
    1602.00000000       0.00041214
    1603.00000000       0.00095833
    1604.00000000       0.00048251
    1605.00000000      -0.00006274
    1606.00000000       0.00041252
    1607.00000000       0.00095684
    1608.00000000       0.00048212
    1609.00000000      -0.00006127
    1610.00000000       0.00041291
    1611.00000000       0.00095538
    1612.00000000       0.00048174
    1613.00000000      -0.00005982
    1614.00000000       0.00041330
    1615.00000000       0.00095394
    1616.00000000       0.00048135
    1617.00000000      -0.00005839
    1618.00000000       0.00041368
    1619.00000000       0.00095253
    1620.00000000       0.00048097
    1621.00000000      -0.00005699
    1622.00000000       0.00041406
    1623.00000000       0.00095114
    1624.00000000       0.00048058
    1625.00000000      -0.00005562
    1626.00000000       0.00041445
    1627.00000000       0.00094978
    1628.00000000       0.00048020
    1629.00000000      -0.00005426
    1630.00000000       0.00041483
    1631.00000000       0.00094844
    1632.00000000       0.00047982
    1633.00000000      -0.00005294
    1634.00000000       0.00041521
    1635.00000000       0.00094712
    1636.00000000       0.00047944
    1637.00000000      -0.00005163
    1638.00000000       0.00041559
    1639.00000000       0.00094582
    1640.00000000       0.00047906
    1641.00000000      -0.00005034
    1642.00000000       0.00041597
    1643.00000000       0.00094455
    1644.00000000       0.00047868
    1645.00000000      -0.00004908
    1646.00000000       0.00041635
    1647.00000000       0.00094330
    1648.00000000       0.00047831
    1649.00000000      -0.00004784
    1650.00000000       0.00041672
    1651.00000000       0.00094207
    1652.00000000       0.00047793
    1653.00000000      -0.00004662
    1654.00000000       0.00041710
    1655.00000000       0.00094086
    1656.00000000       0.00047756
    1657.00000000      -0.00004542
    1658.00000000       0.00041747
    1659.00000000       0.00093967
    1660.00000000       0.00047718
    1661.00000000      -0.00004425
    1662.00000000       0.00041785
    1663.00000000       0.00093850
    1664.00000000       0.00047681
    1665.00000000      -0.00004309
    1666.00000000       0.00041822
    1667.00000000       0.00093736
    1668.00000000       0.00047643
    1669.00000000      -0.00004195
    1670.00000000       0.00041859
    1671.00000000       0.00093623
    1672.00000000       0.00047606
    1673.00000000      -0.00004083
    1674.00000000       0.00041896
    1675.00000000       0.00093512
    1676.00000000       0.00047569
    1677.00000000      -0.00003974
    1678.00000000       0.00041933
    1679.00000000       0.00093404
    1680.00000000       0.00047532
    1681.00000000      -0.00003866
    1682.00000000       0.00041970
    1683.00000000       0.00093297
    1684.00000000       0.00047495
    1685.00000000      -0.00003760
    1686.00000000       0.00042007
    1687.00000000       0.00093192
    1688.00000000       0.00047459
    1689.00000000      -0.00003656
    1690.00000000       0.00042044
    1691.00000000       0.00093089
    1692.00000000       0.00047422
    1693.00000000      -0.00003554
    1694.00000000       0.00042081
    1695.00000000       0.00092987
    1696.00000000       0.00047385
    1697.00000000      -0.00003453
    1698.00000000       0.00042117
    1699.00000000       0.00092888
    1700.00000000       0.00047349
    1701.00000000      -0.00003355
    1702.00000000       0.00042154
    1703.00000000       0.00092790
    1704.00000000       0.00047312
    1705.00000000      -0.00003258
    1706.00000000       0.00042190
    1707.00000000       0.00092694
    1708.00000000       0.00047276
    1709.00000000      -0.00003163
    1710.00000000       0.00042227
    1711.00000000       0.00092600
    1712.00000000       0.00047239
    1713.00000000      -0.00003070
    1714.00000000       0.00042263
    1715.00000000       0.00092508
    1716.00000000       0.00047203
    1717.00000000      -0.00002978
    1718.00000000       0.00042299
    1719.00000000       0.00092417
    1720.00000000       0.00047167
    1721.00000000      -0.00002888
    1722.00000000       0.00042335
    1723.00000000       0.00092328
    1724.00000000       0.00047131
    1725.00000000      -0.00002800
    1726.00000000       0.00042371
    1727.00000000       0.00092241
    1728.00000000       0.00047095
    1729.00000000      -0.00002714
    1730.00000000       0.00042407
    1731.00000000       0.00092155
    1732.00000000       0.00047059
    1733.00000000      -0.00002629
    1734.00000000       0.00042443
    1735.00000000       0.00092071
    1736.00000000       0.00047023
    1737.00000000      -0.00002545
    1738.00000000       0.00042479
    1739.00000000       0.00091988
    1740.00000000       0.00046987
    1741.00000000      -0.00002464
    1742.00000000       0.00042515
    1743.00000000       0.00091907
    1744.00000000       0.00046951
    1745.00000000      -0.00002384
    1746.00000000       0.00042551
    1747.00000000       0.00091828
    1748.00000000       0.00046915
    1749.00000000      -0.00002305
    1750.00000000       0.00042587
    1751.00000000       0.00091750
    1752.00000000       0.00046880
    1753.00000000      -0.00002228
    1754.00000000       0.00042622
    1755.00000000       0.00091674
    1756.00000000       0.00046844
    1757.00000000      -0.00002153
    1758.00000000       0.00042658
    1759.00000000       0.00091599
    1760.00000000       0.00046809
    1761.00000000      -0.00002079
    1762.00000000       0.00042693
    1763.00000000       0.00091526
    1764.00000000       0.00046773
    1765.00000000      -0.00002006
    1766.00000000       0.00042729
    1767.00000000       0.00091454
    1768.00000000       0.00046738
    1769.00000000      -0.00001935
    1770.00000000       0.00042764
    1771.00000000       0.00091384
    1772.00000000       0.00046702
    1773.00000000      -0.00001866
    1774.00000000       0.00042799
    1775.00000000       0.00091315
    1776.00000000       0.00046667
    1777.00000000      -0.00001798
    1778.00000000       0.00042835
    1779.00000000       0.00091248
    1780.00000000       0.00046632
    1781.00000000      -0.00001731
    1782.00000000       0.00042870
    1783.00000000       0.00091182
    1784.00000000       0.00046597
    1785.00000000      -0.00001666
    1786.00000000       0.00042905
    1787.00000000       0.00091118
    1788.00000000       0.00046561
    1789.00000000      -0.00001602
    1790.00000000       0.00042940
    1791.00000000       0.00091055
    1792.00000000       0.00046526
    1793.00000000      -0.00001540
    1794.00000000       0.00042975
    1795.00000000       0.00090993
    1796.00000000       0.00046491
    1797.00000000      -0.00001479
    1798.00000000       0.00043010
    1799.00000000       0.00090933
    1800.00000000       0.00046456
    1801.00000000      -0.00001419
    1802.00000000       0.00043045
    1803.00000000       0.00090874
    1804.00000000       0.00046422
    1805.00000000      -0.00001361
    1806.00000000       0.00043080
    1807.00000000       0.00090816
    1808.00000000       0.00046387
    1809.00000000      -0.00001304
    1810.00000000       0.00043115
    1811.00000000       0.00090760
    1812.00000000       0.00046352
    1813.00000000      -0.00001248
    1814.00000000       0.00043150
    1815.00000000       0.00090705
    1816.00000000       0.00046317
    1817.00000000      -0.00001194
    1818.00000000       0.00043184
    1819.00000000       0.00090651
    1820.00000000       0.00046282
    1821.00000000      -0.00001141
    1822.00000000       0.00043219
    1823.00000000       0.00090599
    1824.00000000       0.00046248
    1825.00000000      -0.00001089
    1826.00000000       0.00043254
    1827.00000000       0.00090548
    1828.00000000       0.00046213
    1829.00000000      -0.00001039
    1830.00000000       0.00043288
    1831.00000000       0.00090498
    1832.00000000       0.00046178
    1833.00000000      -0.00000990
    1834.00000000       0.00043323
    1835.00000000       0.00090450
    1836.00000000       0.00046144
    1837.00000000      -0.00000942
    1838.00000000       0.00043357
    1839.00000000       0.00090403
    1840.00000000       0.00046109
    1841.00000000      -0.00000896
    1842.00000000       0.00043392
    1843.00000000       0.00090357
    1844.00000000       0.00046075
    1845.00000000      -0.00000850
    1846.00000000       0.00043426
    1847.00000000       0.00090312
    1848.00000000       0.00046040
    1849.00000000      -0.00000806
    1850.00000000       0.00043461
    1851.00000000       0.00090269
    1852.00000000       0.00046006
    1853.00000000      -0.00000764
    1854.00000000       0.00043495
    1855.00000000       0.00090227
    1856.00000000       0.00045972
    1857.00000000      -0.00000722
    1858.00000000       0.00043530
    1859.00000000       0.00090186
    1860.00000000       0.00045937
    1861.00000000      -0.00000682
    1862.00000000       0.00043564
    1863.00000000       0.00090146
    1864.00000000       0.00045903
    1865.00000000      -0.00000643
    1866.00000000       0.00043598
    1867.00000000       0.00090108
    1868.00000000       0.00045869
    1869.00000000      -0.00000605
    1870.00000000       0.00043632
    1871.00000000       0.00090070
    1872.00000000       0.00045835
    1873.00000000      -0.00000568
    1874.00000000       0.00043667
    1875.00000000       0.00090034
    1876.00000000       0.00045800
    1877.00000000      -0.00000533
    1878.00000000       0.00043701
    1879.00000000       0.00090000
    1880.00000000       0.00045766
    1881.00000000      -0.00000499
    1882.00000000       0.00043735
    1883.00000000       0.00089966
    1884.00000000       0.00045732
    1885.00000000      -0.00000465
    1886.00000000       0.00043769
    1887.00000000       0.00089933
    1888.00000000       0.00045698
    1889.00000000      -0.00000434
    1890.00000000       0.00043803
    1891.00000000       0.00089902
    1892.00000000       0.00045664
    1893.00000000      -0.00000403
    1894.00000000       0.00043837
    1895.00000000       0.00089872
    1896.00000000       0.00045630
    1897.00000000      -0.00000373
    1898.00000000       0.00043871
    1899.00000000       0.00089843
    1900.00000000       0.00045596
    1901.00000000      -0.00000345
    1902.00000000       0.00043905
    1903.00000000       0.00089815
    1904.00000000       0.00045562
    1905.00000000      -0.00000318
    1906.00000000       0.00043939
    1907.00000000       0.00089788
    1908.00000000       0.00045528
    1909.00000000      -0.00000291
    1910.00000000       0.00043973
    1911.00000000       0.00089763
    1912.00000000       0.00045494
    1913.00000000      -0.00000266
    1914.00000000       0.00044007
    1915.00000000       0.00089738
    1916.00000000       0.00045460
    1917.00000000      -0.00000243
    1918.00000000       0.00044041
    1919.00000000       0.00089715
    1920.00000000       0.00045426
    1921.00000000      -0.00000220
    1922.00000000       0.00044075
    1923.00000000       0.00089693
    1924.00000000       0.00045392
    1925.00000000      -0.00000198
    1926.00000000       0.00044109
    1927.00000000       0.00089672
    1928.00000000       0.00045358
    1929.00000000      -0.00000178
    1930.00000000       0.00044143
    1931.00000000       0.00089652
    1932.00000000       0.00045324
    1933.00000000      -0.00000159
    1934.00000000       0.00044177
    1935.00000000       0.00089633
    1936.00000000       0.00045290
    1937.00000000      -0.00000140
    1938.00000000       0.00044210
    1939.00000000       0.00089616
    1940.00000000       0.00045257
    1941.00000000      -0.00000123
    1942.00000000       0.00044244
    1943.00000000       0.00089599
    1944.00000000       0.00045223
    1945.00000000      -0.00000107
    1946.00000000       0.00044278
    1947.00000000       0.00089584
    1948.00000000       0.00045189
    1949.00000000      -0.00000093
    1950.00000000       0.00044312
    1951.00000000       0.00089570
    1952.00000000       0.00045155
    1953.00000000      -0.00000079
    1954.00000000       0.00044346
    1955.00000000       0.00089556
    1956.00000000       0.00045121
    1957.00000000      -0.00000066
    1958.00000000       0.00044379
    1959.00000000       0.00089544
    1960.00000000       0.00045088
    1961.00000000      -0.00000055
    1962.00000000       0.00044413
    1963.00000000       0.00089533
    1964.00000000       0.00045054
    1965.00000000      -0.00000044
    1966.00000000       0.00044447
    1967.00000000       0.00089524
    1968.00000000       0.00045020
    1969.00000000      -0.00000035
    1970.00000000       0.00044481
    1971.00000000       0.00089515
    1972.00000000       0.00044986
    1973.00000000      -0.00000027
    1974.00000000       0.00044514
    1975.00000000       0.00089507
    1976.00000000       0.00044953
    1977.00000000      -0.00000020
    1978.00000000       0.00044548
    1979.00000000       0.00089501
    1980.00000000       0.00044919
    1981.00000000      -0.00000014
    1982.00000000       0.00044582
    1983.00000000       0.00089495
    1984.00000000       0.00044885
    1985.00000000      -0.00000009
    1986.00000000       0.00044616
    1987.00000000       0.00089491
    1988.00000000       0.00044852
    1989.00000000      -0.00000005
    1990.00000000       0.00044649
    1991.00000000       0.00089487
    1992.00000000       0.00044818
    1993.00000000      -0.00000002
    1994.00000000       0.00044683
    1995.00000000       0.00089485
    1996.00000000       0.00044784
    1997.00000000      -0.00000001
    1998.00000000       0.00044717
    1999.00000000       0.00089484
    2000.00000000       0.00044750
