       1.00000000       0.14938898
       2.00000000       0.34781599
       3.00000000       0.33129231
       4.00000000       0.26255807
       5.00000000       0.30115200
       6.00000000       0.32562341
       7.00000000       0.28674734
       8.00000000       0.28935017
       9.00000000       0.31756919
      10.00000000       0.29999985
      11.00000000       0.28699744
      12.00000000       0.30883524
      13.00000000       0.30730303
      14.00000000       0.28959106
      15.00000000       0.30115229
      16.00000000       0.30985254
      17.00000000       0.29461051
      18.00000000       0.29584913
      19.00000000       0.30871399
      20.00000000       0.29999941
      21.00000000       0.29355375
      22.00000000       0.30528993
      23.00000000       0.30417167
      24.00000000       0.29409937
      25.00000000       0.30115288
      26.00000000       0.30621019
      27.00000000       0.29665029
      28.00000000       0.29770801
      29.00000000       0.30596353
      30.00000000       0.29999868
      31.00000000       0.29588268
      32.00000000       0.30395954
      33.00000000       0.30293626
      34.00000000       0.29595765
      35.00000000       0.30115376
      36.00000000       0.30458917
      37.00000000       0.29758817
      38.00000000       0.29859024
      39.00000000       0.30462191
      40.00000000       0.29999764
      41.00000000       0.29707753
      42.00000000       0.30326215
      43.00000000       0.30227386
      44.00000000       0.29697271
      45.00000000       0.30115495
      46.00000000       0.30367113
      47.00000000       0.29812735
      48.00000000       0.29910639
      49.00000000       0.30382661
      50.00000000       0.29999631
      51.00000000       0.29780549
      52.00000000       0.30283269
      53.00000000       0.30185997
      54.00000000       0.29761298
      55.00000000       0.30115644
      56.00000000       0.30307939
      57.00000000       0.29847756
      58.00000000       0.29944597
      59.00000000       0.30329985
      60.00000000       0.29999466
      61.00000000       0.29829625
      62.00000000       0.30254162
      63.00000000       0.30157610
      64.00000000       0.29805412
      65.00000000       0.30115824
      66.00000000       0.30266556
      67.00000000       0.29872332
      68.00000000       0.29968700
      69.00000000       0.30292489
      70.00000000       0.29999270
      71.00000000       0.29865011
      72.00000000       0.30233137
      73.00000000       0.30136869
      74.00000000       0.29837686
      75.00000000       0.30116036
      76.00000000       0.30235934
      77.00000000       0.29890523
      78.00000000       0.29986752
      79.00000000       0.30264409
      80.00000000       0.29999042
      81.00000000       0.29891785
      82.00000000       0.30217245
      83.00000000       0.30120999
      84.00000000       0.29862347
      85.00000000       0.30116281
      86.00000000       0.30212312
      87.00000000       0.29904523
      88.00000000       0.30000828
      89.00000000       0.30242571
      90.00000000       0.29998780
      91.00000000       0.29912794
      92.00000000       0.30204819
      93.00000000       0.30108417
      94.00000000       0.29881826
      95.00000000       0.30116560
      96.00000000       0.30193495
      97.00000000       0.29915623
      98.00000000       0.30012155
      99.00000000       0.30225083
     100.00000000       0.29998484
     101.00000000       0.29929756
     102.00000000       0.30194847
     103.00000000       0.30098154
     104.00000000       0.29897617
     105.00000000       0.30116874
     106.00000000       0.30178116
     107.00000000       0.29924628
     108.00000000       0.30021509
     109.00000000       0.30210748
     110.00000000       0.29998152
     111.00000000       0.29943773
     112.00000000       0.30186678
     113.00000000       0.30089583
     114.00000000       0.29910692
     115.00000000       0.30117224
     116.00000000       0.30165279
     117.00000000       0.29932069
     118.00000000       0.30029402
     119.00000000       0.30198770
     120.00000000       0.29997782
     121.00000000       0.29955582
     122.00000000       0.30179874
     123.00000000       0.30082280
     124.00000000       0.29921709
     125.00000000       0.30117613
     126.00000000       0.30154370
     127.00000000       0.29938311
     128.00000000       0.30036188
     129.00000000       0.30188600
     130.00000000       0.29997373
     131.00000000       0.29965697
     132.00000000       0.30174130
     133.00000000       0.30075948
     134.00000000       0.29931130
     135.00000000       0.30118042
     136.00000000       0.30144957
     137.00000000       0.29943611
     138.00000000       0.30042119
     139.00000000       0.30179846
     140.00000000       0.29996923
     141.00000000       0.29974486
     142.00000000       0.30169229
     143.00000000       0.30070373
     144.00000000       0.29939289
     145.00000000       0.30118514
     146.00000000       0.30136725
     147.00000000       0.29948154
     148.00000000       0.30047379
     149.00000000       0.30172221
     150.00000000       0.29996430
     151.00000000       0.29982221
     152.00000000       0.30165009
     153.00000000       0.30065393
     154.00000000       0.29946434
     155.00000000       0.30119030
     156.00000000       0.30129437
     157.00000000       0.29952081
     158.00000000       0.30052108
     159.00000000       0.30165510
     160.00000000       0.29995890
     161.00000000       0.29989106
     162.00000000       0.30161349
     163.00000000       0.30060888
     164.00000000       0.29952751
     165.00000000       0.30119594
     166.00000000       0.30122915
     167.00000000       0.29955496
     168.00000000       0.30056413
     169.00000000       0.30159550
     170.00000000       0.29995301
     171.00000000       0.29995300
     172.00000000       0.30158159
     173.00000000       0.30056762
     174.00000000       0.29958387
     175.00000000       0.30120209
     176.00000000       0.30117018
     177.00000000       0.29958480
     178.00000000       0.30060379
     179.00000000       0.30154211
     180.00000000       0.29994660
     181.00000000       0.30000927
     182.00000000       0.30155365
     183.00000000       0.30052940
     184.00000000       0.29963454
     185.00000000       0.30120878
     186.00000000       0.30111636
     187.00000000       0.29961098
     188.00000000       0.30064073
     189.00000000       0.30149392
     190.00000000       0.29993962
     191.00000000       0.30006087
     192.00000000       0.30152911
     193.00000000       0.30049360
     194.00000000       0.29968044
     195.00000000       0.30121605
     196.00000000       0.30106679
     197.00000000       0.29963398
     198.00000000       0.30067551
     199.00000000       0.30145013
     200.00000000       0.29993204
     201.00000000       0.30010860
     202.00000000       0.30150754
     203.00000000       0.30045972
     204.00000000       0.29972230
     205.00000000       0.30122396
     206.00000000       0.30102073
     207.00000000       0.29965421
     208.00000000       0.30070860
     209.00000000       0.30141005
     210.00000000       0.29992379
     211.00000000       0.30015313
     212.00000000       0.30148858
     213.00000000       0.30042733
     214.00000000       0.29976072
     215.00000000       0.30123256
     216.00000000       0.30097758
     217.00000000       0.29967198
     218.00000000       0.30074040
     219.00000000       0.30137315
     220.00000000       0.29991483
     221.00000000       0.30019504
     222.00000000       0.30147194
     223.00000000       0.30039603
     224.00000000       0.29979621
     225.00000000       0.30124190
     226.00000000       0.30093680
     227.00000000       0.29968755
     228.00000000       0.30077126
     229.00000000       0.30133897
     230.00000000       0.29990508
     231.00000000       0.30023480
     232.00000000       0.30145739
     233.00000000       0.30036552
     234.00000000       0.29982918
     235.00000000       0.30125207
     236.00000000       0.30089795
     237.00000000       0.29970111
     238.00000000       0.30080151
     239.00000000       0.30130712
     240.00000000       0.29989448
     241.00000000       0.30027284
     242.00000000       0.30144476
     243.00000000       0.30033546
     244.00000000       0.29986001
     245.00000000       0.30126314
     246.00000000       0.30086062
     247.00000000       0.29971284
     248.00000000       0.30083144
     249.00000000       0.30127725
     250.00000000       0.29988292
     251.00000000       0.30030955
     252.00000000       0.30143390
     253.00000000       0.30030558
     254.00000000       0.29988899
     255.00000000       0.30127521
     256.00000000       0.30082444
     257.00000000       0.29972285
     258.00000000       0.30086134
     259.00000000       0.30124908
     260.00000000       0.29987031
     261.00000000       0.30034528
     262.00000000       0.30142471
     263.00000000       0.30027559
     264.00000000       0.29991641
     265.00000000       0.30128840
     266.00000000       0.30078908
     267.00000000       0.29973124
     268.00000000       0.30089149
     269.00000000       0.30122235
     270.00000000       0.29985651
     271.00000000       0.30038036
     272.00000000       0.30141711
     273.00000000       0.30024521
     274.00000000       0.29994251
     275.00000000       0.30130283
     276.00000000       0.30075421
     277.00000000       0.29973807
     278.00000000       0.30092218
     279.00000000       0.30119682
     280.00000000       0.29984139
     281.00000000       0.30041511
     282.00000000       0.30141104
     283.00000000       0.30021414
     284.00000000       0.29996753
     285.00000000       0.30131868
     286.00000000       0.30071949
     287.00000000       0.29974338
     288.00000000       0.30095371
     289.00000000       0.30117226
     290.00000000       0.29982478
     291.00000000       0.30044986
     292.00000000       0.30140649
     293.00000000       0.30018206
     294.00000000       0.29999168
     295.00000000       0.30133612
     296.00000000       0.30068461
     297.00000000       0.29974717
     298.00000000       0.30098642
     299.00000000       0.30114847
     300.00000000       0.29980645
     301.00000000       0.30048496
     302.00000000       0.30140346
     303.00000000       0.30014863
     304.00000000       0.30001515
     305.00000000       0.30135539
     306.00000000       0.30064921
     307.00000000       0.29974943
     308.00000000       0.30102067
     309.00000000       0.30112525
     310.00000000       0.29978617
     311.00000000       0.30052076
     312.00000000       0.30140199
     313.00000000       0.30011346
     314.00000000       0.30003817
     315.00000000       0.30137676
     316.00000000       0.30061291
     317.00000000       0.29975010
     318.00000000       0.30105689
     319.00000000       0.30110238
     320.00000000       0.29976362
     321.00000000       0.30055767
     322.00000000       0.30140214
     323.00000000       0.30007607
     324.00000000       0.30006095
     325.00000000       0.30140058
     326.00000000       0.30057527
     327.00000000       0.29974911
     328.00000000       0.30109557
     329.00000000       0.30107965
     330.00000000       0.29973843
     331.00000000       0.30059616
     332.00000000       0.30140402
     333.00000000       0.30003594
     334.00000000       0.30008370
     335.00000000       0.30142727
     336.00000000       0.30053581
     337.00000000       0.29974631
     338.00000000       0.30113732
     339.00000000       0.30105681
     340.00000000       0.29971011
     341.00000000       0.30063676
     342.00000000       0.30140778
     343.00000000       0.29999239
     344.00000000       0.30010669
     345.00000000       0.30145736
     346.00000000       0.30049390
     347.00000000       0.29974153
     348.00000000       0.30118287
     349.00000000       0.30103360
     350.00000000       0.29967808
     351.00000000       0.30068014
     352.00000000       0.30141363
     353.00000000       0.29994460
     354.00000000       0.30013021
     355.00000000       0.30149153
     356.00000000       0.30044884
     357.00000000       0.29973452
     358.00000000       0.30123315
     359.00000000       0.30100968
     360.00000000       0.29964155
     361.00000000       0.30072712
     362.00000000       0.30142188
     363.00000000       0.29989153
     364.00000000       0.30015461
     365.00000000       0.30153066
     366.00000000       0.30039969
     367.00000000       0.29972494
     368.00000000       0.30128935
     369.00000000       0.30098469
     370.00000000       0.29959953
     371.00000000       0.30077874
     372.00000000       0.30143291
     373.00000000       0.29983182
     374.00000000       0.30018033
     375.00000000       0.30157590
     376.00000000       0.30034526
     377.00000000       0.29971232
     378.00000000       0.30135302
     379.00000000       0.30095811
     380.00000000       0.29955067
     381.00000000       0.30083638
     382.00000000       0.30144728
     383.00000000       0.29976366
     384.00000000       0.30020793
     385.00000000       0.30162882
     386.00000000       0.30028395
     387.00000000       0.29969601
     388.00000000       0.30142628
     389.00000000       0.30092930
     390.00000000       0.29949316
     391.00000000       0.30090189
     392.00000000       0.30146576
     393.00000000       0.29968460
     394.00000000       0.30023817
     395.00000000       0.30169157
     396.00000000       0.30021360
     397.00000000       0.29967511
     398.00000000       0.30151202
     399.00000000       0.30089737
     400.00000000       0.29942443
     401.00000000       0.30097785
     402.00000000       0.30148942
     403.00000000       0.29959116
     404.00000000       0.30027209
     405.00000000       0.30176718
     406.00000000       0.30013112
     407.00000000       0.29964830
     408.00000000       0.30161440
     409.00000000       0.30086109
     410.00000000       0.29934082
     411.00000000       0.30106796
     412.00000000       0.30151985
     413.00000000       0.29947832
     414.00000000       0.30031120
     415.00000000       0.30186015
     416.00000000       0.30003199
     417.00000000       0.29961364
     418.00000000       0.30173958
     419.00000000       0.30081858
     420.00000000       0.29923682
     421.00000000       0.30117781
     422.00000000       0.30155948
     423.00000000       0.29933845
     424.00000000       0.30035780
     425.00000000       0.30197731
     426.00000000       0.29990928
     427.00000000       0.29956811
     428.00000000       0.30189712
     429.00000000       0.30076698
     430.00000000       0.29910378
     431.00000000       0.30131614
     432.00000000       0.30161212
     433.00000000       0.29915940
     434.00000000       0.30041557
     435.00000000       0.30212972
     436.00000000       0.29975174
     437.00000000       0.29950679
     438.00000000       0.30210271
     439.00000000       0.30070151
     440.00000000       0.29892736
     441.00000000       0.30149765
     442.00000000       0.30168419
     443.00000000       0.29892054
     444.00000000       0.30049081
     445.00000000       0.30233640
     446.00000000       0.29953980
     447.00000000       0.29942112
     448.00000000       0.30238404
     449.00000000       0.30061366
     450.00000000       0.29868181
     451.00000000       0.30174899
     452.00000000       0.30178742
     453.00000000       0.29858378
     454.00000000       0.30059533
     455.00000000       0.30263312
     456.00000000       0.29923618
     457.00000000       0.29929466
     458.00000000       0.30279506
     459.00000000       0.30048650
     460.00000000       0.29831582
     461.00000000       0.30212408
     462.00000000       0.30194557
     463.00000000       0.29807004
     464.00000000       0.30075428
     465.00000000       0.30309618
     466.00000000       0.29875974
     467.00000000       0.29909161
     468.00000000       0.30345671
     469.00000000       0.30028093
     470.00000000       0.29771055
     471.00000000       0.30275115
     472.00000000       0.30221537
     473.00000000       0.29718399
     474.00000000       0.30103222
     475.00000000       0.30392220
     476.00000000       0.29789436
     477.00000000       0.29871609
     478.00000000       0.30470790
     479.00000000       0.29988156
     480.00000000       0.29651356
     481.00000000       0.30402783
     482.00000000       0.30277382
     483.00000000       0.29527601
     484.00000000       0.30165993
     485.00000000       0.30581987
     486.00000000       0.29580856
     487.00000000       0.29779579
     488.00000000       0.30799800
     489.00000000       0.29873721
     490.00000000       0.29301205
     491.00000000       0.30810541
     492.00000000       0.30459609
     493.00000000       0.28809831
     494.00000000       0.30449091
     495.00000000       0.31477790
     496.00000000       0.28359090
     497.00000000       0.29208541
     498.00000000       0.34037380
     499.00000000       0.27498639
     500.00000000       0.11209326
     501.00000000       0.27396166
     502.00000000       0.34002624
     503.00000000       0.29234096
     504.00000000       0.28279370
     505.00000000       0.31403306
     506.00000000       0.30476633
     507.00000000       0.28768606
     508.00000000       0.30359164
     509.00000000       0.30815752
     510.00000000       0.29299854
     511.00000000       0.29770778
     512.00000000       0.30766685
     513.00000000       0.29804597
     514.00000000       0.29499824
     515.00000000       0.30508847
     516.00000000       0.30194023
     517.00000000       0.29484732
     518.00000000       0.30177459
     519.00000000       0.30409318
     520.00000000       0.29648668
     521.00000000       0.29884707
     522.00000000       0.30439323
     523.00000000       0.29896121
     524.00000000       0.29707066
     525.00000000       0.30320409
     526.00000000       0.30131775
     527.00000000       0.29673878
     528.00000000       0.30122105
     529.00000000       0.30283004
     530.00000000       0.29767044
     531.00000000       0.29924102
     532.00000000       0.30315863
     533.00000000       0.29933196
     534.00000000       0.29792235
     535.00000000       0.30239126
     536.00000000       0.30104541
     537.00000000       0.29760816
     538.00000000       0.30095588
     539.00000000       0.30221682
     540.00000000       0.29826256
     541.00000000       0.29944080
     542.00000000       0.30251372
     543.00000000       0.29953053
     544.00000000       0.29838476
     545.00000000       0.30194133
     546.00000000       0.30089246
     547.00000000       0.29810505
     548.00000000       0.30080208
     549.00000000       0.30185595
     550.00000000       0.29861544
     551.00000000       0.29956176
     552.00000000       0.30211966
     553.00000000       0.29965277
     554.00000000       0.29867397
     555.00000000       0.30165770
     556.00000000       0.30079434
     557.00000000       0.29842474
     558.00000000       0.30070293
     559.00000000       0.30161923
     560.00000000       0.29884790
     561.00000000       0.29964300
     562.00000000       0.30185553
     563.00000000       0.29973449
     564.00000000       0.29887106
     565.00000000       0.30146412
     566.00000000       0.30072594
     567.00000000       0.29864624
     568.00000000       0.30063468
     569.00000000       0.30145279
     570.00000000       0.29901120
     571.00000000       0.29970140
     572.00000000       0.30166746
     573.00000000       0.29979211
     574.00000000       0.29901329
     575.00000000       0.30132486
     576.00000000       0.30067546
     577.00000000       0.29880759
     578.00000000       0.30058562
     579.00000000       0.30133003
     580.00000000       0.29913105
     581.00000000       0.29974548
     582.00000000       0.30152780
     583.00000000       0.29983418
     584.00000000       0.29912016
     585.00000000       0.30122092
     586.00000000       0.30063663
     587.00000000       0.29892938
     588.00000000       0.30054933
     589.00000000       0.30123631
     590.00000000       0.29922177
     591.00000000       0.29977997
     592.00000000       0.30142092
     593.00000000       0.29986563
     594.00000000       0.29920287
     595.00000000       0.30114131
     596.00000000       0.30060579
     597.00000000       0.29902369
     598.00000000       0.30052199
     599.00000000       0.30116292
     600.00000000       0.29929195
     601.00000000       0.29980772
     602.00000000       0.30133732
     603.00000000       0.29988945
     604.00000000       0.29926830
     605.00000000       0.30107922
     606.00000000       0.30058068
     607.00000000       0.29909809
     608.00000000       0.30050121
     609.00000000       0.30110435
     610.00000000       0.29934705
     611.00000000       0.29983055
     612.00000000       0.30127090
     613.00000000       0.29990758
     614.00000000       0.29932091
     615.00000000       0.30103021
     616.00000000       0.30055983
     617.00000000       0.29915753
     618.00000000       0.30048540
     619.00000000       0.30105695
     620.00000000       0.29939071
     621.00000000       0.29984966
     622.00000000       0.30121759
     623.00000000       0.29992134
     624.00000000       0.29936371
     625.00000000       0.30099128
     626.00000000       0.30054224
     627.00000000       0.29920542
     628.00000000       0.30047347
     629.00000000       0.30101823
     630.00000000       0.29942542
     631.00000000       0.29986592
     632.00000000       0.30117455
     633.00000000       0.29993163
     634.00000000       0.29939880
     635.00000000       0.30096034
     636.00000000       0.30052718
     637.00000000       0.29924412
     638.00000000       0.30046466
     639.00000000       0.30098641
     640.00000000       0.29945296
     641.00000000       0.29987991
     642.00000000       0.30113975
     643.00000000       0.29993908
     644.00000000       0.29942768
     645.00000000       0.30093589
     646.00000000       0.30051415
     647.00000000       0.29927537
     648.00000000       0.30045845
     649.00000000       0.30096019
     650.00000000       0.29947461
     651.00000000       0.29989208
     652.00000000       0.30111174
     653.00000000       0.29994417
     654.00000000       0.29945147
     655.00000000       0.30091682
     656.00000000       0.30050276
     657.00000000       0.29930042
     658.00000000       0.30045441
     659.00000000       0.30093863
     660.00000000       0.29949130
     661.00000000       0.29990276
     662.00000000       0.30108943
     663.00000000       0.29994722
     664.00000000       0.29947098
     665.00000000       0.30090232
     666.00000000       0.30049272
     667.00000000       0.29932020
     668.00000000       0.30045228
     669.00000000       0.30092101
     670.00000000       0.29950375
     671.00000000       0.29991221
     672.00000000       0.30107199
     673.00000000       0.29994849
     674.00000000       0.29948684
     675.00000000       0.30089180
     676.00000000       0.30048381
     677.00000000       0.29933544
     678.00000000       0.30045183
     679.00000000       0.30090680
     680.00000000       0.29951247
     681.00000000       0.29992062
     682.00000000       0.30105882
     683.00000000       0.29994815
     684.00000000       0.29949951
     685.00000000       0.30088479
     686.00000000       0.30047585
     687.00000000       0.29934665
     688.00000000       0.30045292
     689.00000000       0.30089557
     690.00000000       0.29951785
     691.00000000       0.29992816
     692.00000000       0.30104947
     693.00000000       0.29994634
     694.00000000       0.29950936
     695.00000000       0.30088096
     696.00000000       0.30046870
     697.00000000       0.29935424
     698.00000000       0.30045544
     699.00000000       0.30088703
     700.00000000       0.29952018
     701.00000000       0.29993494
     702.00000000       0.30104357
     703.00000000       0.29994313
     704.00000000       0.29951666
     705.00000000       0.30088009
     706.00000000       0.30046226
     707.00000000       0.29935850
     708.00000000       0.30045933
     709.00000000       0.30088092
     710.00000000       0.29951965
     711.00000000       0.29994108
     712.00000000       0.30104090
     713.00000000       0.29993857
     714.00000000       0.29952161
     715.00000000       0.30088199
     716.00000000       0.30045642
     717.00000000       0.29935962
     718.00000000       0.30046455
     719.00000000       0.30087710
     720.00000000       0.29951639
     721.00000000       0.29994664
     722.00000000       0.30104128
     723.00000000       0.29993269
     724.00000000       0.29952435
     725.00000000       0.30088657
     726.00000000       0.30045111
     727.00000000       0.29935776
     728.00000000       0.30047109
     729.00000000       0.30087542
     730.00000000       0.29951049
     731.00000000       0.29995171
     732.00000000       0.30104462
     733.00000000       0.29992547
     734.00000000       0.29952497
     735.00000000       0.30089380
     736.00000000       0.30044627
     737.00000000       0.29935297
     738.00000000       0.30047899
     739.00000000       0.30087583
     740.00000000       0.29950194
     741.00000000       0.29995633
     742.00000000       0.30105087
     743.00000000       0.29991689
     744.00000000       0.29952353
     745.00000000       0.30090368
     746.00000000       0.30044185
     747.00000000       0.29934526
     748.00000000       0.30048828
     749.00000000       0.30087830
     750.00000000       0.29949070
     751.00000000       0.29996057
     752.00000000       0.30106005
     753.00000000       0.29990687
     754.00000000       0.29952004
     755.00000000       0.30091629
     756.00000000       0.30043779
     757.00000000       0.29933458
     758.00000000       0.30049905
     759.00000000       0.30088283
     760.00000000       0.29947670
     761.00000000       0.29996445
     762.00000000       0.30107224
     763.00000000       0.29989533
     764.00000000       0.29951446
     765.00000000       0.30093172
     766.00000000       0.30043408
     767.00000000       0.29932084
     768.00000000       0.30051139
     769.00000000       0.30088947
     770.00000000       0.29945979
     771.00000000       0.29996801
     772.00000000       0.30108758
     773.00000000       0.29988215
     774.00000000       0.29950673
     775.00000000       0.30095017
     776.00000000       0.30043066
     777.00000000       0.29930385
     778.00000000       0.30052545
     779.00000000       0.30089833
     780.00000000       0.29943975
     781.00000000       0.29997129
     782.00000000       0.30110627
     783.00000000       0.29986716
     784.00000000       0.29949672
     785.00000000       0.30097187
     786.00000000       0.30042752
     787.00000000       0.29928340
     788.00000000       0.30054141
     789.00000000       0.30090953
     790.00000000       0.29941631
     791.00000000       0.29997430
     792.00000000       0.30112857
     793.00000000       0.29985018
     794.00000000       0.29948428
     795.00000000       0.30099713
     796.00000000       0.30042463
     797.00000000       0.29925916
     798.00000000       0.30055948
     799.00000000       0.30092326
     800.00000000       0.29938913
     801.00000000       0.29997708
     802.00000000       0.30115485
     803.00000000       0.29983095
     804.00000000       0.29946919
     805.00000000       0.30102634
     806.00000000       0.30042196
     807.00000000       0.29923073
     808.00000000       0.30057995
     809.00000000       0.30093978
     810.00000000       0.29935776
     811.00000000       0.29997963
     812.00000000       0.30118556
     813.00000000       0.29980916
     814.00000000       0.29945116
     815.00000000       0.30106002
     816.00000000       0.30041951
     817.00000000       0.29919759
     818.00000000       0.30060315
     819.00000000       0.30095941
     820.00000000       0.29932162
     821.00000000       0.29998198
     822.00000000       0.30122129
     823.00000000       0.29978443
     824.00000000       0.29942982
     825.00000000       0.30109880
     826.00000000       0.30041726
     827.00000000       0.29915908
     828.00000000       0.30062953
     829.00000000       0.30098258
     830.00000000       0.29928000
     831.00000000       0.29998414
     832.00000000       0.30126279
     833.00000000       0.29975628
     834.00000000       0.29940470
     835.00000000       0.30114349
     836.00000000       0.30041519
     837.00000000       0.29911436
     838.00000000       0.30065962
     839.00000000       0.30100981
     840.00000000       0.29923198
     841.00000000       0.29998613
     842.00000000       0.30131100
     843.00000000       0.29972408
     844.00000000       0.29937518
     845.00000000       0.30119512
     846.00000000       0.30041329
     847.00000000       0.29906235
     848.00000000       0.30069412
     849.00000000       0.30104181
     850.00000000       0.29917640
     851.00000000       0.29998795
     852.00000000       0.30136715
     853.00000000       0.29968704
     854.00000000       0.29934048
     855.00000000       0.30125503
     856.00000000       0.30041155
     857.00000000       0.29900166
     858.00000000       0.30073394
     859.00000000       0.30107947
     860.00000000       0.29911173
     861.00000000       0.29998961
     862.00000000       0.30143284
     863.00000000       0.29964416
     864.00000000       0.29929956
     865.00000000       0.30132496
     866.00000000       0.30040996
     867.00000000       0.29893045
     868.00000000       0.30078023
     869.00000000       0.30112398
     870.00000000       0.29903598
     871.00000000       0.29999113
     872.00000000       0.30151017
     873.00000000       0.29959407
     874.00000000       0.29925105
     875.00000000       0.30140719
     876.00000000       0.30040851
     877.00000000       0.29884630
     878.00000000       0.30083456
     879.00000000       0.30117695
     880.00000000       0.29894649
     881.00000000       0.29999251
     882.00000000       0.30160196
     883.00000000       0.29953498
     884.00000000       0.29919310
     885.00000000       0.30150483
     886.00000000       0.30040720
     887.00000000       0.29874591
     888.00000000       0.30089904
     889.00000000       0.30124052
     890.00000000       0.29883963
     891.00000000       0.29999376
     892.00000000       0.30171209
     893.00000000       0.29946439
     894.00000000       0.29912315
     895.00000000       0.30162218
     896.00000000       0.30040601
     897.00000000       0.29862469
     898.00000000       0.30097660
     899.00000000       0.30131774
     900.00000000       0.29871029
     901.00000000       0.29999488
     902.00000000       0.30184602
     903.00000000       0.29937881
     904.00000000       0.29903758
     905.00000000       0.30176531
     906.00000000       0.30040495
     907.00000000       0.29847609
     908.00000000       0.30107145
     909.00000000       0.30141297
     910.00000000       0.29855116
     911.00000000       0.29999588
     912.00000000       0.30201167
     913.00000000       0.29927314
     914.00000000       0.29893110
     915.00000000       0.30194316
     916.00000000       0.30040401
     917.00000000       0.29829044
     918.00000000       0.30118984
     919.00000000       0.30153270
     920.00000000       0.29835125
     921.00000000       0.29999676
     922.00000000       0.30222099
     923.00000000       0.29913966
     924.00000000       0.29879564
     925.00000000       0.30216935
     926.00000000       0.30040318
     927.00000000       0.29805281
     928.00000000       0.30134142
     929.00000000       0.30168704
     930.00000000       0.29809340
     931.00000000       0.29999753
     932.00000000       0.30249287
     933.00000000       0.29896612
     934.00000000       0.29861833
     935.00000000       0.30246581
     936.00000000       0.30040247
     937.00000000       0.29773894
     938.00000000       0.30154199
     939.00000000       0.30189266
     940.00000000       0.29774918
     941.00000000       0.29999820
     942.00000000       0.30285902
     943.00000000       0.29873178
     944.00000000       0.29837725
     945.00000000       0.30287010
     946.00000000       0.30040186
     947.00000000       0.29730656
     948.00000000       0.30181929
     949.00000000       0.30217902
     950.00000000       0.29726784
     951.00000000       0.29999875
     952.00000000       0.30337706
     953.00000000       0.29839864
     954.00000000       0.29803179
     955.00000000       0.30345251
     956.00000000       0.30040135
     957.00000000       0.29667499
     958.00000000       0.30222687
     959.00000000       0.30260369
     960.00000000       0.29654913
     961.00000000       0.29999920
     962.00000000       0.30416369
     963.00000000       0.29788868
     964.00000000       0.29749745
     965.00000000       0.30436140
     966.00000000       0.30040095
     967.00000000       0.29566858
     968.00000000       0.30288319
     969.00000000       0.30329618
     970.00000000       0.29536335
     971.00000000       0.29999955
     972.00000000       0.30549668
     973.00000000       0.29701243
     974.00000000       0.29656452
     975.00000000       0.30597341
     976.00000000       0.30040065
     977.00000000       0.29381892
     978.00000000       0.30411271
     979.00000000       0.30462156
     980.00000000       0.29304336
     981.00000000       0.29999980
     982.00000000       0.30823850
     983.00000000       0.29515933
     984.00000000       0.29452981
     985.00000000       0.30960688
     986.00000000       0.30040046
     987.00000000       0.28931924
     988.00000000       0.30723838
     989.00000000       0.30816175
     990.00000000       0.28649588
     991.00000000       0.29999995
     992.00000000       0.31708506
     993.00000000       0.28866597
     994.00000000       0.28667184
     995.00000000       0.32536896
     996.00000000       0.30040036
     997.00000000       0.26229491
     998.00000000       0.33122216
     999.00000000       0.34713722
    1000.00000000       0.14889617
