       1.00000000       0.49982302
       2.00000000       0.50000000
       3.00000000       0.49982302
       4.00000000       0.50000001
       5.00000000       0.49982302
       6.00000000       0.50000001
       7.00000000       0.49982301
       8.00000000       0.50000002
       9.00000000       0.49982300
      10.00000000       0.50000003
      11.00000000       0.49982299
      12.00000000       0.50000005
      13.00000000       0.49982297
      14.00000000       0.50000006
      15.00000000       0.49982295
      16.00000000       0.50000008
      17.00000000       0.49982293
      18.00000000       0.50000010
      19.00000000       0.49982291
      20.00000000       0.50000013
      21.00000000       0.49982288
      22.00000000       0.50000016
      23.00000000       0.49982285
      24.00000000       0.50000019
      25.00000000       0.49982282
      26.00000000       0.50000022
      27.00000000       0.49982279
      28.00000000       0.50000025
      29.00000000       0.49982275
      30.00000000       0.50000029
      31.00000000       0.49982271
      32.00000000       0.50000033
      33.00000000       0.49982267
      34.00000000       0.50000037
      35.00000000       0.49982263
      36.00000000       0.50000042
      37.00000000       0.49982258
      38.00000000       0.50000047
      39.00000000       0.49982253
      40.00000000       0.50000052
      41.00000000       0.49982248
      42.00000000       0.50000057
      43.00000000       0.49982243
      44.00000000       0.50000063
      45.00000000       0.49982237
      46.00000000       0.50000069
      47.00000000       0.49982231
      48.00000000       0.50000075
      49.00000000       0.49982225
      50.00000000       0.50000081
      51.00000000       0.49982218
      52.00000000       0.50000088
      53.00000000       0.49982211
      54.00000000       0.50000095
      55.00000000       0.49982204
      56.00000000       0.50000102
      57.00000000       0.49982197
      58.00000000       0.50000110
      59.00000000       0.49982189
      60.00000000       0.50000117
      61.00000000       0.49982181
      62.00000000       0.50000125
      63.00000000       0.49982173
      64.00000000       0.50000134
      65.00000000       0.49982164
      66.00000000       0.50000142
      67.00000000       0.49982156
      68.00000000       0.50000151
      69.00000000       0.49982147
      70.00000000       0.50000160
      71.00000000       0.49982137
      72.00000000       0.50000170
      73.00000000       0.49982128
      74.00000000       0.50000180
      75.00000000       0.49982118
      76.00000000       0.50000190
      77.00000000       0.49982108
      78.00000000       0.50000200
      79.00000000       0.49982097
      80.00000000       0.50000211
      81.00000000       0.49982086
      82.00000000       0.50000222
      83.00000000       0.49982075
      84.00000000       0.50000233
      85.00000000       0.49982064
      86.00000000       0.50000244
      87.00000000       0.49982052
      88.00000000       0.50000256
      89.00000000       0.49982040
      90.00000000       0.50000268
      91.00000000       0.49982028
      92.00000000       0.50000281
      93.00000000       0.49982015
      94.00000000       0.50000294
      95.00000000       0.49982002
      96.00000000       0.50000307
      97.00000000       0.49981989
      98.00000000       0.50000320
      99.00000000       0.49981976
     100.00000000       0.50000334
     101.00000000       0.49981962
     102.00000000       0.50000348
     103.00000000       0.49981948
     104.00000000       0.50000362
     105.00000000       0.49981933
     106.00000000       0.50000377
     107.00000000       0.49981918
     108.00000000       0.50000392
     109.00000000       0.49981903
     110.00000000       0.50000407
     111.00000000       0.49981888
     112.00000000       0.50000423
     113.00000000       0.49981872
     114.00000000       0.50000439
     115.00000000       0.49981856
     116.00000000       0.50000455
     117.00000000       0.49981839
     118.00000000       0.50000472
     119.00000000       0.49981822
     120.00000000       0.50000489
     121.00000000       0.49981805
     122.00000000       0.50000506
     123.00000000       0.49981788
     124.00000000       0.50000524
     125.00000000       0.49981770
     126.00000000       0.50000542
     127.00000000       0.49981752
     128.00000000       0.50000560
     129.00000000       0.49981733
     130.00000000       0.50000579
     131.00000000       0.49981714
     132.00000000       0.50000598
     133.00000000       0.49981695
     134.00000000       0.50000618
     135.00000000       0.49981675
     136.00000000       0.50000638
     137.00000000       0.49981655
     138.00000000       0.50000658
     139.00000000       0.49981634
     140.00000000       0.50000679
     141.00000000       0.49981613
     142.00000000       0.50000700
     143.00000000       0.49981592
     144.00000000       0.50000721
     145.00000000       0.49981570
     146.00000000       0.50000743
     147.00000000       0.49981548
     148.00000000       0.50000765
     149.00000000       0.49981526
     150.00000000       0.50000788
     151.00000000       0.49981503
     152.00000000       0.50000811
     153.00000000       0.49981480
     154.00000000       0.50000834
     155.00000000       0.49981456
     156.00000000       0.50000858
     157.00000000       0.49981432
     158.00000000       0.50000883
     159.00000000       0.49981407
     160.00000000       0.50000908
     161.00000000       0.49981382
     162.00000000       0.50000933
     163.00000000       0.49981357
     164.00000000       0.50000959
     165.00000000       0.49981331
     166.00000000       0.50000985
     167.00000000       0.49981305
     168.00000000       0.50001011
     169.00000000       0.49981278
     170.00000000       0.50001038
     171.00000000       0.49981250
     172.00000000       0.50001066
     173.00000000       0.49981223
     174.00000000       0.50001094
     175.00000000       0.49981194
     176.00000000       0.50001122
     177.00000000       0.49981166
     178.00000000       0.50001151
     179.00000000       0.49981136
     180.00000000       0.50001181
     181.00000000       0.49981107
     182.00000000       0.50001211
     183.00000000       0.49981076
     184.00000000       0.50001242
     185.00000000       0.49981045
     186.00000000       0.50001273
     187.00000000       0.49981014
     188.00000000       0.50001304
     189.00000000       0.49980982
     190.00000000       0.50001336
     191.00000000       0.49980950
     192.00000000       0.50001369
     193.00000000       0.49980917
     194.00000000       0.50001402
     195.00000000       0.49980883
     196.00000000       0.50001436
     197.00000000       0.49980849
     198.00000000       0.50001470
     199.00000000       0.49980815
     200.00000000       0.50001505
     201.00000000       0.49980779
     202.00000000       0.50001541
     203.00000000       0.49980743
     204.00000000       0.50001577
     205.00000000       0.49980707
     206.00000000       0.50001614
     207.00000000       0.49980670
     208.00000000       0.50001651
     209.00000000       0.49980632
     210.00000000       0.50001690
     211.00000000       0.49980594
     212.00000000       0.50001728
     213.00000000       0.49980555
     214.00000000       0.50001768
     215.00000000       0.49980515
     216.00000000       0.50001808
     217.00000000       0.49980474
     218.00000000       0.50001849
     219.00000000       0.49980433
     220.00000000       0.50001890
     221.00000000       0.49980391
     222.00000000       0.50001932
     223.00000000       0.49980349
     224.00000000       0.50001975
     225.00000000       0.49980306
     226.00000000       0.50002019
     227.00000000       0.49980262
     228.00000000       0.50002063
     229.00000000       0.49980217
     230.00000000       0.50002108
     231.00000000       0.49980171
     232.00000000       0.50002154
     233.00000000       0.49980125
     234.00000000       0.50002201
     235.00000000       0.49980078
     236.00000000       0.50002249
     237.00000000       0.49980030
     238.00000000       0.50002297
     239.00000000       0.49979981
     240.00000000       0.50002346
     241.00000000       0.49979931
     242.00000000       0.50002396
     243.00000000       0.49979881
     244.00000000       0.50002448
     245.00000000       0.49979829
     246.00000000       0.50002499
     247.00000000       0.49979777
     248.00000000       0.50002552
     249.00000000       0.49979723
     250.00000000       0.50002606
     251.00000000       0.49979669
     252.00000000       0.50002661
     253.00000000       0.49979614
     254.00000000       0.50002717
     255.00000000       0.49979557
     256.00000000       0.50002773
     257.00000000       0.49979500
     258.00000000       0.50002831
     259.00000000       0.49979442
     260.00000000       0.50002890
     261.00000000       0.49979382
     262.00000000       0.50002950
     263.00000000       0.49979322
     264.00000000       0.50003011
     265.00000000       0.49979260
     266.00000000       0.50003073
     267.00000000       0.49979198
     268.00000000       0.50003137
     269.00000000       0.49979134
     270.00000000       0.50003201
     271.00000000       0.49979068
     272.00000000       0.50003267
     273.00000000       0.49979002
     274.00000000       0.50003334
     275.00000000       0.49978934
     276.00000000       0.50003402
     277.00000000       0.49978865
     278.00000000       0.50003472
     279.00000000       0.49978795
     280.00000000       0.50003543
     281.00000000       0.49978723
     282.00000000       0.50003615
     283.00000000       0.49978650
     284.00000000       0.50003689
     285.00000000       0.49978576
     286.00000000       0.50003764
     287.00000000       0.49978500
     288.00000000       0.50003841
     289.00000000       0.49978422
     290.00000000       0.50003919
     291.00000000       0.49978343
     292.00000000       0.50003999
     293.00000000       0.49978263
     294.00000000       0.50004081
     295.00000000       0.49978181
     296.00000000       0.50004164
     297.00000000       0.49978097
     298.00000000       0.50004248
     299.00000000       0.49978011
     300.00000000       0.50004335
     301.00000000       0.49977924
     302.00000000       0.50004423
     303.00000000       0.49977834
     304.00000000       0.50004514
     305.00000000       0.49977743
     306.00000000       0.50004606
     307.00000000       0.49977650
     308.00000000       0.50004700
     309.00000000       0.49977555
     310.00000000       0.50004796
     311.00000000       0.49977458
     312.00000000       0.50004894
     313.00000000       0.49977358
     314.00000000       0.50004995
     315.00000000       0.49977257
     316.00000000       0.50005097
     317.00000000       0.49977153
     318.00000000       0.50005202
     319.00000000       0.49977047
     320.00000000       0.50005310
     321.00000000       0.49976938
     322.00000000       0.50005419
     323.00000000       0.49976827
     324.00000000       0.50005532
     325.00000000       0.49976714
     326.00000000       0.50005647
     327.00000000       0.49976597
     328.00000000       0.50005764
     329.00000000       0.49976478
     330.00000000       0.50005885
     331.00000000       0.49976357
     332.00000000       0.50006008
     333.00000000       0.49976232
     334.00000000       0.50006134
     335.00000000       0.49976104
     336.00000000       0.50006264
     337.00000000       0.49975973
     338.00000000       0.50006396
     339.00000000       0.49975839
     340.00000000       0.50006532
     341.00000000       0.49975701
     342.00000000       0.50006671
     343.00000000       0.49975560
     344.00000000       0.50006814
     345.00000000       0.49975415
     346.00000000       0.50006961
     347.00000000       0.49975267
     348.00000000       0.50007112
     349.00000000       0.49975114
     350.00000000       0.50007266
     351.00000000       0.49974958
     352.00000000       0.50007425
     353.00000000       0.49974797
     354.00000000       0.50007588
     355.00000000       0.49974631
     356.00000000       0.50007755
     357.00000000       0.49974462
     358.00000000       0.50007928
     359.00000000       0.49974287
     360.00000000       0.50008105
     361.00000000       0.49974107
     362.00000000       0.50008287
     363.00000000       0.49973922
     364.00000000       0.50008474
     365.00000000       0.49973732
     366.00000000       0.50008668
     367.00000000       0.49973536
     368.00000000       0.50008867
     369.00000000       0.49973334
     370.00000000       0.50009071
     371.00000000       0.49973126
     372.00000000       0.50009283
     373.00000000       0.49972912
     374.00000000       0.50009501
     375.00000000       0.49972690
     376.00000000       0.50009726
     377.00000000       0.49972462
     378.00000000       0.50009958
     379.00000000       0.49972226
     380.00000000       0.50010198
     381.00000000       0.49971982
     382.00000000       0.50010446
     383.00000000       0.49971730
     384.00000000       0.50010702
     385.00000000       0.49971469
     386.00000000       0.50010967
     387.00000000       0.49971199
     388.00000000       0.50011242
     389.00000000       0.49970919
     390.00000000       0.50011527
     391.00000000       0.49970630
     392.00000000       0.50011821
     393.00000000       0.49970329
     394.00000000       0.50012127
     395.00000000       0.49970018
     396.00000000       0.50012445
     397.00000000       0.49969694
     398.00000000       0.50012775
     399.00000000       0.49969358
     400.00000000       0.50013118
     401.00000000       0.49969008
     402.00000000       0.50013474
     403.00000000       0.49968644
     404.00000000       0.50013846
     405.00000000       0.49968265
     406.00000000       0.50014232
     407.00000000       0.49967870
     408.00000000       0.50014636
     409.00000000       0.49967458
     410.00000000       0.50015057
     411.00000000       0.49967027
     412.00000000       0.50015497
     413.00000000       0.49966577
     414.00000000       0.50015958
     415.00000000       0.49966106
     416.00000000       0.50016440
     417.00000000       0.49965613
     418.00000000       0.50016945
     419.00000000       0.49965095
     420.00000000       0.50017475
     421.00000000       0.49964552
     422.00000000       0.50018033
     423.00000000       0.49963981
     424.00000000       0.50018619
     425.00000000       0.49963379
     426.00000000       0.50019236
     427.00000000       0.49962745
     428.00000000       0.50019888
     429.00000000       0.49962076
     430.00000000       0.50020576
     431.00000000       0.49961368
     432.00000000       0.50021304
     433.00000000       0.49960618
     434.00000000       0.50022076
     435.00000000       0.49959823
     436.00000000       0.50022896
     437.00000000       0.49958978
     438.00000000       0.50023768
     439.00000000       0.49958077
     440.00000000       0.50024698
     441.00000000       0.49957117
     442.00000000       0.50025691
     443.00000000       0.49956089
     444.00000000       0.50026754
     445.00000000       0.49954988
     446.00000000       0.50027896
     447.00000000       0.49953803
     448.00000000       0.50029125
     449.00000000       0.49952527
     450.00000000       0.50030451
     451.00000000       0.49951148
     452.00000000       0.50031887
     453.00000000       0.49949651
     454.00000000       0.50033448
     455.00000000       0.49948023
     456.00000000       0.50035149
     457.00000000       0.49946244
     458.00000000       0.50037011
     459.00000000       0.49944293
     460.00000000       0.50039058
     461.00000000       0.49942143
     462.00000000       0.50041319
     463.00000000       0.49939761
     464.00000000       0.50043831
     465.00000000       0.49937109
     466.00000000       0.50046636
     467.00000000       0.49934137
     468.00000000       0.50049791
     469.00000000       0.49930782
     470.00000000       0.50053364
     471.00000000       0.49926968
     472.00000000       0.50057446
     473.00000000       0.49922590
     474.00000000       0.50062153
     475.00000000       0.49917515
     476.00000000       0.50067641
     477.00000000       0.49911560
     478.00000000       0.50074124
     479.00000000       0.49904475
     480.00000000       0.50081899
     481.00000000       0.49895904
     482.00000000       0.50091396
     483.00000000       0.49885324
     484.00000000       0.50103257
     485.00000000       0.49871934
     486.00000000       0.50118492
     487.00000000       0.49854444
     488.00000000       0.50138779
     489.00000000       0.49830631
     490.00000000       0.50167125
     491.00000000       0.49796318
     492.00000000       0.50209509
     493.00000000       0.49742633
     494.00000000       0.50279714
     495.00000000       0.49646894
     496.00000000       0.50418023
     497.00000000       0.49429491
     498.00000000       0.50809571
     499.00000000       0.48514665
     500.00000000       0.55401294
     501.00000000       0.48536241
     502.00000000       0.50809614
     503.00000000       0.49451025
     504.00000000       0.50418108
     505.00000000       0.49668385
     506.00000000       0.50279841
     507.00000000       0.49764083
     508.00000000       0.50209678
     509.00000000       0.49817727
     510.00000000       0.50167335
     511.00000000       0.49851998
     512.00000000       0.50139029
     513.00000000       0.49875771
     514.00000000       0.50118782
     515.00000000       0.49893221
     516.00000000       0.50103587
     517.00000000       0.49906571
     518.00000000       0.50091766
     519.00000000       0.49917112
     520.00000000       0.50082309
     521.00000000       0.49925644
     522.00000000       0.50074572
     523.00000000       0.49932690
     524.00000000       0.50068128
     525.00000000       0.49938607
     526.00000000       0.50062677
     527.00000000       0.49943644
     528.00000000       0.50058008
     529.00000000       0.49947984
     530.00000000       0.50053963
     531.00000000       0.49951762
     532.00000000       0.50050427
     533.00000000       0.49955079
     534.00000000       0.50047309
     535.00000000       0.49958015
     536.00000000       0.50044540
     537.00000000       0.49960631
     538.00000000       0.50042065
     539.00000000       0.49962977
     540.00000000       0.50039839
     541.00000000       0.49965092
     542.00000000       0.50037827
     543.00000000       0.49967008
     544.00000000       0.50036000
     545.00000000       0.49968752
     546.00000000       0.50034333
     547.00000000       0.49970346
     548.00000000       0.50032807
     549.00000000       0.49971808
     550.00000000       0.50031405
     551.00000000       0.49973154
     552.00000000       0.50030112
     553.00000000       0.49974397
     554.00000000       0.50028917
     555.00000000       0.49975548
     556.00000000       0.50027808
     557.00000000       0.49976617
     558.00000000       0.50026777
     559.00000000       0.49977612
     560.00000000       0.50025816
     561.00000000       0.49978540
     562.00000000       0.50024918
     563.00000000       0.49979408
     564.00000000       0.50024078
     565.00000000       0.49980222
     566.00000000       0.50023290
     567.00000000       0.49980986
     568.00000000       0.50022549
     569.00000000       0.49981705
     570.00000000       0.50021852
     571.00000000       0.49982382
     572.00000000       0.50021194
     573.00000000       0.49983021
     574.00000000       0.50020573
     575.00000000       0.49983625
     576.00000000       0.50019986
     577.00000000       0.49984196
     578.00000000       0.50019429
     579.00000000       0.49984738
     580.00000000       0.50018902
     581.00000000       0.49985252
     582.00000000       0.50018401
     583.00000000       0.49985740
     584.00000000       0.50017924
     585.00000000       0.49986205
     586.00000000       0.50017471
     587.00000000       0.49986648
     588.00000000       0.50017039
     589.00000000       0.49987069
     590.00000000       0.50016627
     591.00000000       0.49987472
     592.00000000       0.50016233
     593.00000000       0.49987857
     594.00000000       0.50015857
     595.00000000       0.49988224
     596.00000000       0.50015498
     597.00000000       0.49988576
     598.00000000       0.50015154
     599.00000000       0.49988913
     600.00000000       0.50014824
     601.00000000       0.49989236
     602.00000000       0.50014508
     603.00000000       0.49989546
     604.00000000       0.50014204
     605.00000000       0.49989843
     606.00000000       0.50013913
     607.00000000       0.49990128
     608.00000000       0.50013633
     609.00000000       0.49990403
     610.00000000       0.50013363
     611.00000000       0.49990667
     612.00000000       0.50013104
     613.00000000       0.49990921
     614.00000000       0.50012855
     615.00000000       0.49991166
     616.00000000       0.50012615
     617.00000000       0.49991402
     618.00000000       0.50012383
     619.00000000       0.49991630
     620.00000000       0.50012160
     621.00000000       0.49991849
     622.00000000       0.50011944
     623.00000000       0.49992061
     624.00000000       0.50011736
     625.00000000       0.49992266
     626.00000000       0.50011535
     627.00000000       0.49992463
     628.00000000       0.50011340
     629.00000000       0.49992654
     630.00000000       0.50011152
     631.00000000       0.49992839
     632.00000000       0.50010970
     633.00000000       0.49993018
     634.00000000       0.50010795
     635.00000000       0.49993191
     636.00000000       0.50010624
     637.00000000       0.49993359
     638.00000000       0.50010459
     639.00000000       0.49993521
     640.00000000       0.50010299
     641.00000000       0.49993679
     642.00000000       0.50010144
     643.00000000       0.49993831
     644.00000000       0.50009994
     645.00000000       0.49993979
     646.00000000       0.50009848
     647.00000000       0.49994123
     648.00000000       0.50009707
     649.00000000       0.49994262
     650.00000000       0.50009569
     651.00000000       0.49994398
     652.00000000       0.50009436
     653.00000000       0.49994529
     654.00000000       0.50009306
     655.00000000       0.49994657
     656.00000000       0.50009180
     657.00000000       0.49994781
     658.00000000       0.50009058
     659.00000000       0.49994902
     660.00000000       0.50008939
     661.00000000       0.49995019
     662.00000000       0.50008823
     663.00000000       0.49995134
     664.00000000       0.50008710
     665.00000000       0.49995245
     666.00000000       0.50008601
     667.00000000       0.49995353
     668.00000000       0.50008494
     669.00000000       0.49995458
     670.00000000       0.50008390
     671.00000000       0.49995561
     672.00000000       0.50008289
     673.00000000       0.49995660
     674.00000000       0.50008190
     675.00000000       0.49995758
     676.00000000       0.50008094
     677.00000000       0.49995853
     678.00000000       0.50008001
     679.00000000       0.49995945
     680.00000000       0.50007910
     681.00000000       0.49996035
     682.00000000       0.50007821
     683.00000000       0.49996123
     684.00000000       0.50007734
     685.00000000       0.49996209
     686.00000000       0.50007649
     687.00000000       0.49996292
     688.00000000       0.50007567
     689.00000000       0.49996374
     690.00000000       0.50007486
     691.00000000       0.49996453
     692.00000000       0.50007407
     693.00000000       0.49996531
     694.00000000       0.50007331
     695.00000000       0.49996607
     696.00000000       0.50007256
     697.00000000       0.49996681
     698.00000000       0.50007182
     699.00000000       0.49996754
     700.00000000       0.50007111
     701.00000000       0.49996824
     702.00000000       0.50007041
     703.00000000       0.49996893
     704.00000000       0.50006973
     705.00000000       0.49996961
     706.00000000       0.50006906
     707.00000000       0.49997027
     708.00000000       0.50006841
     709.00000000       0.49997091
     710.00000000       0.50006777
     711.00000000       0.49997154
     712.00000000       0.50006714
     713.00000000       0.49997216
     714.00000000       0.50006653
     715.00000000       0.49997276
     716.00000000       0.50006594
     717.00000000       0.49997335
     718.00000000       0.50006535
     719.00000000       0.49997393
     720.00000000       0.50006478
     721.00000000       0.49997450
     722.00000000       0.50006422
     723.00000000       0.49997505
     724.00000000       0.50006368
     725.00000000       0.49997559
     726.00000000       0.50006314
     727.00000000       0.49997612
     728.00000000       0.50006262
     729.00000000       0.49997664
     730.00000000       0.50006211
     731.00000000       0.49997714
     732.00000000       0.50006161
     733.00000000       0.49997764
     734.00000000       0.50006111
     735.00000000       0.49997813
     736.00000000       0.50006063
     737.00000000       0.49997860
     738.00000000       0.50006016
     739.00000000       0.49997907
     740.00000000       0.50005970
     741.00000000       0.49997953
     742.00000000       0.50005925
     743.00000000       0.49997997
     744.00000000       0.50005881
     745.00000000       0.49998041
     746.00000000       0.50005837
     747.00000000       0.49998084
     748.00000000       0.50005795
     749.00000000       0.49998126
     750.00000000       0.50005753
     751.00000000       0.49998167
     752.00000000       0.50005712
     753.00000000       0.49998208
     754.00000000       0.50005672
     755.00000000       0.49998248
     756.00000000       0.50005633
     757.00000000       0.49998286
     758.00000000       0.50005594
     759.00000000       0.49998324
     760.00000000       0.50005557
     761.00000000       0.49998362
     762.00000000       0.50005520
     763.00000000       0.49998398
     764.00000000       0.50005483
     765.00000000       0.49998434
     766.00000000       0.50005448
     767.00000000       0.49998470
     768.00000000       0.50005413
     769.00000000       0.49998504
     770.00000000       0.50005379
     771.00000000       0.49998538
     772.00000000       0.50005345
     773.00000000       0.49998571
     774.00000000       0.50005312
     775.00000000       0.49998604
     776.00000000       0.50005280
     777.00000000       0.49998636
     778.00000000       0.50005249
     779.00000000       0.49998667
     780.00000000       0.50005217
     781.00000000       0.49998698
     782.00000000       0.50005187
     783.00000000       0.49998728
     784.00000000       0.50005157
     785.00000000       0.49998757
     786.00000000       0.50005128
     787.00000000       0.49998786
     788.00000000       0.50005099
     789.00000000       0.49998815
     790.00000000       0.50005071
     791.00000000       0.49998843
     792.00000000       0.50005043
     793.00000000       0.49998870
     794.00000000       0.50005016
     795.00000000       0.49998897
     796.00000000       0.50004989
     797.00000000       0.49998924
     798.00000000       0.50004963
     799.00000000       0.49998949
     800.00000000       0.50004938
     801.00000000       0.49998975
     802.00000000       0.50004913
     803.00000000       0.49999000
     804.00000000       0.50004888
     805.00000000       0.49999024
     806.00000000       0.50004864
     807.00000000       0.49999048
     808.00000000       0.50004840
     809.00000000       0.49999072
     810.00000000       0.50004816
     811.00000000       0.49999095
     812.00000000       0.50004794
     813.00000000       0.49999118
     814.00000000       0.50004771
     815.00000000       0.49999140
     816.00000000       0.50004749
     817.00000000       0.49999162
     818.00000000       0.50004727
     819.00000000       0.49999183
     820.00000000       0.50004706
     821.00000000       0.49999204
     822.00000000       0.50004685
     823.00000000       0.49999225
     824.00000000       0.50004665
     825.00000000       0.49999245
     826.00000000       0.50004645
     827.00000000       0.49999265
     828.00000000       0.50004625
     829.00000000       0.49999285
     830.00000000       0.50004606
     831.00000000       0.49999304
     832.00000000       0.50004587
     833.00000000       0.49999322
     834.00000000       0.50004568
     835.00000000       0.49999341
     836.00000000       0.50004550
     837.00000000       0.49999359
     838.00000000       0.50004532
     839.00000000       0.49999377
     840.00000000       0.50004514
     841.00000000       0.49999394
     842.00000000       0.50004497
     843.00000000       0.49999411
     844.00000000       0.50004480
     845.00000000       0.49999428
     846.00000000       0.50004464
     847.00000000       0.49999444
     848.00000000       0.50004447
     849.00000000       0.49999460
     850.00000000       0.50004431
     851.00000000       0.49999476
     852.00000000       0.50004416
     853.00000000       0.49999492
     854.00000000       0.50004401
     855.00000000       0.49999507
     856.00000000       0.50004385
     857.00000000       0.49999522
     858.00000000       0.50004371
     859.00000000       0.49999536
     860.00000000       0.50004356
     861.00000000       0.49999551
     862.00000000       0.50004342
     863.00000000       0.49999565
     864.00000000       0.50004328
     865.00000000       0.49999578
     866.00000000       0.50004315
     867.00000000       0.49999592
     868.00000000       0.50004301
     869.00000000       0.49999605
     870.00000000       0.50004288
     871.00000000       0.49999618
     872.00000000       0.50004275
     873.00000000       0.49999631
     874.00000000       0.50004263
     875.00000000       0.49999643
     876.00000000       0.50004251
     877.00000000       0.49999655
     878.00000000       0.50004239
     879.00000000       0.49999667
     880.00000000       0.50004227
     881.00000000       0.49999679
     882.00000000       0.50004215
     883.00000000       0.49999690
     884.00000000       0.50004204
     885.00000000       0.49999701
     886.00000000       0.50004193
     887.00000000       0.49999712
     888.00000000       0.50004182
     889.00000000       0.49999723
     890.00000000       0.50004172
     891.00000000       0.49999733
     892.00000000       0.50004162
     893.00000000       0.49999743
     894.00000000       0.50004151
     895.00000000       0.49999753
     896.00000000       0.50004142
     897.00000000       0.49999763
     898.00000000       0.50004132
     899.00000000       0.49999773
     900.00000000       0.50004123
     901.00000000       0.49999782
     902.00000000       0.50004113
     903.00000000       0.49999791
     904.00000000       0.50004105
     905.00000000       0.49999800
     906.00000000       0.50004096
     907.00000000       0.49999808
     908.00000000       0.50004087
     909.00000000       0.49999817
     910.00000000       0.50004079
     911.00000000       0.49999825
     912.00000000       0.50004071
     913.00000000       0.49999833
     914.00000000       0.50004063
     915.00000000       0.49999841
     916.00000000       0.50004055
     917.00000000       0.49999848
     918.00000000       0.50004048
     919.00000000       0.49999856
     920.00000000       0.50004041
     921.00000000       0.49999863
     922.00000000       0.50004033
     923.00000000       0.49999870
     924.00000000       0.50004027
     925.00000000       0.49999877
     926.00000000       0.50004020
     927.00000000       0.49999883
     928.00000000       0.50004013
     929.00000000       0.49999890
     930.00000000       0.50004007
     931.00000000       0.49999896
     932.00000000       0.50004001
     933.00000000       0.49999902
     934.00000000       0.50003995
     935.00000000       0.49999908
     936.00000000       0.50003989
     937.00000000       0.49999913
     938.00000000       0.50003984
     939.00000000       0.49999919
     940.00000000       0.50003979
     941.00000000       0.49999924
     942.00000000       0.50003973
     943.00000000       0.49999929
     944.00000000       0.50003968
     945.00000000       0.49999934
     946.00000000       0.50003964
     947.00000000       0.49999939
     948.00000000       0.50003959
     949.00000000       0.49999943
     950.00000000       0.50003955
     951.00000000       0.49999947
     952.00000000       0.50003950
     953.00000000       0.49999952
     954.00000000       0.50003946
     955.00000000       0.49999956
     956.00000000       0.50003942
     957.00000000       0.49999959
     958.00000000       0.50003939
     959.00000000       0.49999963
     960.00000000       0.50003935
     961.00000000       0.49999967
     962.00000000       0.50003932
     963.00000000       0.49999970
     964.00000000       0.50003928
     965.00000000       0.49999973
     966.00000000       0.50003925
     967.00000000       0.49999976
     968.00000000       0.50003923
     969.00000000       0.49999979
     970.00000000       0.50003920
     971.00000000       0.49999981
     972.00000000       0.50003917
     973.00000000       0.49999984
     974.00000000       0.50003915
     975.00000000       0.49999986
     976.00000000       0.50003913
     977.00000000       0.49999988
     978.00000000       0.50003911
     979.00000000       0.49999990
     980.00000000       0.50003909
     981.00000000       0.49999992
     982.00000000       0.50003907
     983.00000000       0.49999993
     984.00000000       0.50003906
     985.00000000       0.49999995
     986.00000000       0.50003905
     987.00000000       0.49999996
     988.00000000       0.50003903
     989.00000000       0.49999997
     990.00000000       0.50003902
     991.00000000       0.49999998
     992.00000000       0.50003902
     993.00000000       0.49999999
     994.00000000       0.50003901
     995.00000000       0.49999999
     996.00000000       0.50003900
     997.00000000       0.50000000
     998.00000000       0.50003900
     999.00000000       0.50000000
    1000.00000000       0.50003900
