      -4.00000000,       0.00141679
      -3.96000000,       0.00152498
      -3.92000000,       0.00168872
      -3.88000000,       0.00199888
      -3.84000000,       0.00251341
      -3.80000000,       0.00319944
      -3.76000000,       0.00402769
      -3.72000000,       0.00498606
      -3.68000000,       0.00605050
      -3.64000000,       0.00723031
      -3.60000000,       0.00849634
      -3.56000000,       0.00986293
      -3.52000000,       0.01131110
      -3.48000000,       0.01286412
      -3.44000000,       0.01446737
      -3.40000000,       0.01616936
      -3.36000000,       0.01795748
      -3.32000000,       0.01978912
      -3.28000000,       0.02172378
      -3.24000000,       0.02367092
      -3.20000000,       0.02568701
      -3.16000000,       0.02782515
      -3.12000000,       0.03004441
      -3.08000000,       0.03235804
      -3.04000000,       0.03474231
      -3.00000000,       0.03701862
      -2.96000000,       0.03923061
      -2.92000000,       0.04175318
      -2.88000000,       0.04453001
      -2.84000000,       0.04726191
      -2.80000000,       0.04978721
      -2.76000000,       0.05238144
      -2.72000000,       0.05519858
      -2.68000000,       0.05793520
      -2.64000000,       0.06058458
      -2.60000000,       0.06361463
      -2.56000000,       0.06688878
      -2.52000000,       0.06971017
      -2.48000000,       0.07226787
      -2.44000000,       0.07536372
      -2.40000000,       0.07883933
      -2.36000000,       0.08194781
      -2.32000000,       0.08479609
      -2.28000000,       0.08801272
      -2.24000000,       0.09139884
      -2.20000000,       0.09450230
      -2.16000000,       0.09735182
      -2.12000000,       0.10064955
      -2.08000000,       0.10435439
      -2.04000000,       0.10757120
      -2.00000000,       0.11046288
      -1.96000000,       0.11394597
      -1.92000000,       0.11729402
      -1.88000000,       0.12015936
      -1.84000000,       0.12337150
      -1.80000000,       0.12720457
      -1.76000000,       0.13062391
      -1.72000000,       0.13355380
      -1.68000000,       0.13676953
      -1.64000000,       0.13992930
      -1.60000000,       0.14305084
      -1.56000000,       0.14686222
      -1.52000000,       0.14994914
      -1.48000000,       0.15261674
      -1.44000000,       0.15612109
      -1.40000000,       0.15915749
      -1.36000000,       0.16211158
      -1.32000000,       0.16575153
      -1.28000000,       0.16833997
      -1.24000000,       0.17112241
      -1.20000000,       0.17504793
      -1.16000000,       0.17739168
      -1.12000000,       0.17973881
      -1.08000000,       0.18360734
      -1.04000000,       0.18607983
      -1.00000000,       0.18866850
      -0.96000000,       0.19217990
      -0.92000000,       0.19397645
      -0.88000000,       0.19684747
      -0.84000000,       0.20070648
      -0.80000000,       0.20209576
      -0.76000000,       0.20423887
      -0.72000000,       0.20794616
      -0.68000000,       0.21017988
      -0.64000000,       0.21254464
      -0.60000000,       0.21510202
      -0.56000000,       0.21656236
      -0.52000000,       0.21939394
      -0.48000000,       0.22267749
      -0.44000000,       0.22412592
      -0.40000000,       0.22592863
      -0.36000000,       0.22877309
      -0.32000000,       0.23047989
      -0.28000000,       0.23110769
      -0.24000000,       0.23068997
      -0.20000000,       0.22538730
      -0.19000000,       0.22219066
      -0.18000000,       0.21765380
      -0.17000000,       0.21151696
      -0.16000000,       0.20345042
      -0.15000000,       0.19372889
      -0.14000000,       0.18453077
      -0.13000000,       0.18086055
      -0.12000000,       0.18897322
      -0.11000000,       0.21126386
      -0.10000000,       0.23837155
      -0.09000000,       0.24528728
      -0.08000000,       0.21875256
      -0.07000000,       0.17846965
      -0.06000000,       0.14437142
      -0.05000000,       0.12109742
      -0.04000000,       0.10678688
      -0.03000000,       0.09901591
      -0.02000000,       0.09616654
      -0.01000000,       0.09743315
       0.00000000,       0.10266839
       0.01000000,       0.11232765
       0.02000000,       0.12755758
       0.03000000,       0.15046133
       0.04000000,       0.18458559
       0.05000000,       0.23557775
       0.06000000,       0.31126034
       0.07000000,       0.41742445
       0.08000000,       0.53942200
       0.09000000,       0.61485350
       0.10000000,       0.58148882
       0.11000000,       0.47847053
       0.12000000,       0.38089242
       0.13000000,       0.31670825
       0.14000000,       0.28214201
       0.15000000,       0.26583441
       0.16000000,       0.25859150
       0.17000000,       0.25539068
       0.18000000,       0.25396960
       0.19000000,       0.25332736
       0.20000000,       0.25296263
       0.24000000,       0.25286965
       0.28000000,       0.25334764
       0.32000000,       0.25392453
       0.36000000,       0.25464722
       0.40000000,       0.25529972
       0.44000000,       0.25596188
       0.48000000,       0.25654985
       0.52000000,       0.25700996
       0.56000000,       0.25752056
       0.60000000,       0.25810105
       0.64000000,       0.25863799
       0.68000000,       0.25907816
       0.72000000,       0.25942554
       0.76000000,       0.25972276
       0.80000000,       0.25966224
       0.84000000,       0.25940159
       0.88000000,       0.25977699
       0.92000000,       0.26073836
       0.96000000,       0.26103741
       1.00000000,       0.26037285
       1.04000000,       0.26021051
       1.08000000,       0.26077460
       1.12000000,       0.26100721
       1.16000000,       0.26079840
       1.20000000,       0.26066035
       1.24000000,       0.26084917
       1.28000000,       0.26126045
       1.32000000,       0.26067777
       1.36000000,       0.26032573
       1.40000000,       0.26120133
       1.44000000,       0.26098043
       1.48000000,       0.26039931
       1.52000000,       0.26095176
       1.56000000,       0.26067431
       1.60000000,       0.26044493
       1.64000000,       0.26087243
       1.68000000,       0.26023487
       1.72000000,       0.26037808
       1.76000000,       0.26116393
       1.80000000,       0.26023907
       1.84000000,       0.26019649
       1.88000000,       0.26082230
       1.92000000,       0.25993395
       1.96000000,       0.26037534
       2.00000000,       0.26094702
       2.04000000,       0.25992215
       2.08000000,       0.26038387
       2.12000000,       0.26053993
       2.16000000,       0.25983531
       2.20000000,       0.26075701
       2.24000000,       0.26057058
       2.28000000,       0.25989222
       2.32000000,       0.26070787
       2.36000000,       0.26025984
       2.40000000,       0.26003709
       2.44000000,       0.26107289
       2.48000000,       0.26049663
       2.52000000,       0.26013833
       2.56000000,       0.26080723
       2.60000000,       0.26040673
       2.64000000,       0.26052703
       2.68000000,       0.26096909
       2.72000000,       0.26032967
       2.76000000,       0.26079121
       2.80000000,       0.26126747
       2.84000000,       0.26035222
       2.88000000,       0.26048457
       2.92000000,       0.26119738
       2.96000000,       0.26088591
       3.00000000,       0.26060867
       3.04000000,       0.26073776
       3.08000000,       0.26101971
       3.12000000,       0.26081532
       3.16000000,       0.26021487
       3.20000000,       0.26038531
       3.24000000,       0.26112674
       3.28000000,       0.26080842
       3.32000000,       0.25978780
       3.36000000,       0.25949606
       3.40000000,       0.25988591
       3.44000000,       0.25993826
       3.48000000,       0.25958888
       3.52000000,       0.25920245
       3.56000000,       0.25867916
       3.60000000,       0.25810827
       3.64000000,       0.25768247
       3.68000000,       0.25727587
       3.72000000,       0.25679909
       3.76000000,       0.25624662
       3.80000000,       0.25536225
       3.84000000,       0.25430596
       3.88000000,       0.25344077
       3.92000000,       0.25252782
       3.96000000,       0.25125941
       4.00000000,       0.25018696
       4.04000000,       0.24898882
       4.08000000,       0.24696643
       4.12000000,       0.24533036
       4.16000000,       0.24412651
       4.20000000,       0.24194855
       4.24000000,       0.24042889
       4.28000000,       0.23931445
       4.32000000,       0.23711596
       4.36000000,       0.23525795
       4.40000000,       0.23321660
       4.44000000,       0.23111351
       4.48000000,       0.23029687
       4.52000000,       0.22815345
       4.56000000,       0.22530973
       4.60000000,       0.22431309
       4.64000000,       0.22185122
       4.68000000,       0.21865935
       4.72000000,       0.21774363
       4.76000000,       0.21572334
       4.80000000,       0.21281464
       4.84000000,       0.21083586
       4.88000000,       0.20777526
       4.92000000,       0.20575577
       4.96000000,       0.20448348
       5.00000000,       0.20052412
       5.04000000,       0.19772852
       5.08000000,       0.19652001
       5.12000000,       0.19304555
       5.16000000,       0.19023716
       5.20000000,       0.18800388
       5.24000000,       0.18458254
       5.28000000,       0.18243617
       5.32000000,       0.17972515
       5.36000000,       0.17571868
       5.40000000,       0.17354308
       5.44000000,       0.17094586
       5.48000000,       0.16701701
       5.52000000,       0.16447228
       5.56000000,       0.16170890
       5.60000000,       0.15811841
       5.64000000,       0.15528978
       5.68000000,       0.15204148
       5.72000000,       0.14843238
       5.76000000,       0.14573248
       5.80000000,       0.14263985
       5.84000000,       0.13915512
       5.88000000,       0.13596663
       5.92000000,       0.13236571
       5.96000000,       0.12913930
       6.00000000,       0.12656149
       6.04000000,       0.12326432
       6.08000000,       0.11943911
       6.12000000,       0.11615648
       6.16000000,       0.11316351
       6.20000000,       0.10965149
       6.24000000,       0.10616724
       6.28000000,       0.10337930
       6.32000000,       0.10034837
       6.36000000,       0.09666473
       6.40000000,       0.09325723
       6.44000000,       0.09034541
       6.48000000,       0.08732703
       6.52000000,       0.08392113
       6.56000000,       0.08068098
       6.60000000,       0.07803057
       6.64000000,       0.07511543
       6.68000000,       0.07158316
       6.72000000,       0.06839603
       6.76000000,       0.06589846
       6.80000000,       0.06314940
       6.84000000,       0.06000374
       6.88000000,       0.05706435
       6.92000000,       0.05437409
       6.96000000,       0.05157585
       7.00000000,       0.04873821
       7.04000000,       0.04625783
       7.08000000,       0.04394550
       7.12000000,       0.04132115
       7.16000000,       0.03862566
       7.20000000,       0.03613416
       7.24000000,       0.03383697
       7.28000000,       0.03165573
       7.32000000,       0.02944467
       7.36000000,       0.02721585
       7.40000000,       0.02506049
       7.44000000,       0.02302064
       7.48000000,       0.02104034
       7.52000000,       0.01912821
       7.56000000,       0.01732930
       7.60000000,       0.01557385
       7.64000000,       0.01390612
       7.68000000,       0.01230935
       7.72000000,       0.01079037
       7.76000000,       0.00938178
       7.80000000,       0.00803501
       7.84000000,       0.00679977
       7.88000000,       0.00565875
       7.92000000,       0.00462888
       7.96000000,       0.00371299
       8.00000000,       0.00292895
